[ -0.570952668190954, -0.45483391817124225, 0.6834682861308623, -0.22676119400728906, -0.2912107750437096, 0.8905653542051044, 0.34938908335485785, -0.3385512600047701, -0.7675871820746359, 0.00045130005628348646, -0.6409355430039698, 0.9704116277492154, 0.0, 0.0, 0.0, 1.0]
[ -0.5657120042662317, -0.4723844971584145, 0.6758789514610752, -0.21958910429011283, -0.30237821348382743, 0.8813811577498677, 0.36292968141750875, -0.3527657844647907, -0.7671493277978026, 0.0009426076082812228, -0.6414590316754945, 0.9705111726819808, 0.0, 0.0, 0.0, 1.0]
[ -0.5592214279476471, -0.49084309971399376, 0.6680821702433323, -0.21200302363219706, -0.31431639256296695, 0.8712365287745892, 0.37700875287844327, -0.36730019873754965, -0.7671097358211572, 0.0008421954469224781, -0.6415065191063922, 0.970580376186189, 0.0, 0.0, 0.0, 1.0]
[ -0.5526724419884826, -0.5088028232885959, 0.6600469631962959, -0.20417543182397002, -0.3257901579883401, 0.8608713658674118, 0.39082598698445126, -0.38170089212381564, -0.7670688963356733, 0.0009619481998103636, -0.6415551841213484, 0.970580037004683, 0.0, 0.0, 0.0, 1.0]
[ -0.5457060482266043, -0.5268463484622975, 0.6516339128091352, -0.19596322968087468, -0.33734130878346946, 0.8499486083118437, 0.4046876630671293, -0.39600824361318043, -0.7670635548755834, 0.0010174683836957276, -0.6415614850022731, 0.9705814846393556, 0.0, 0.0, 0.0, 1.0]
[ -0.5385101062000524, -0.5442722072821676, 0.6432443882602734, -0.18769140213460825, -0.3484516799626159, 0.8388965815333767, 0.4181125026993667, -0.40998796582302743, -0.767182533138527, 0.0010182205163881365, -0.6414192015040855, 0.9705283939693551, 0.0, 0.0, 0.0, 1.0]
[ -0.5312552381726997, -0.5617492867350904, 0.6341877491332175, -0.17885495980945104, -0.35948146543099385, 0.8272947873493973, 0.43167203450546676, -0.42401475569316843, -0.7671516765456893, 0.0013492880869029988, -0.6414554960987197, 0.9704549069263393, 0.0, 0.0, 0.0, 1.0]
[ -0.5236036881325157, -0.5788804404887956, 0.6250799012602356, -0.1698968857609498, -0.3703556278898307, 0.815399329157701, 0.44491032900935973, -0.43771910276997733, -0.767239619392511, 0.0014548298450037037, -0.6413500730344369, 0.970373703742503, 0.0, 0.0, 0.0, 1.0]
[ -0.515589741009542, -0.5957004722607068, 0.6158702914111114, -0.16077137350331447, -0.38100495160743575, 0.8031933628536532, 0.45793059845659684, -0.45128656808272855, -0.7674524042033726, 0.0014546880830335399, -0.641095430614176, 0.9702729687458922, 0.0, 0.0, 0.0, 1.0]
[ -0.5075909247687452, -0.6124500537061615, 0.606006767534692, -0.15106572850223846, -0.3915863703935289, 0.7904952176788008, 0.47091659756731535, -0.46468727774412794, -0.767458347088388, 0.0017290007153196508, -0.6410876350685427, 0.9701941933185244, 0.0, 0.0, 0.0, 1.0]
[ -0.49919197855078723, -0.6287235911441752, 0.5962395541207157, -0.14137003148208377, -0.40207674116405717, 0.7776149287257754, 0.48335759219051205, -0.477752547022222, -0.7675430995498888, 0.0015541759191582574, -0.6409866084199582, 0.9701741269023285, 0.0, 0.0, 0.0, 1.0]
[ -0.49077658204809377, -0.6449925903843194, 0.5857561418366971, -0.13106102864068778, -0.41239600881267546, 0.7641740340661132, 0.49593654819368377, -0.4907500193655024, -0.767495032772053, 0.0018305490042603975, -0.64104343258965, 0.9701342544233083, 0.0, 0.0, 0.0, 1.0]
[ -0.4820335455385883, -0.6607815527614641, 0.5753247084508564, -0.12071874809468948, -0.42249670583519056, 0.7505632014846214, 0.5080719742088328, -0.5034424870407647, -0.7675421431003762, 0.0018349410105955146, -0.6409870114670626, 0.9701062628654867, 0.0, 0.0, 0.0, 1.0]
[ -0.47301370097792955, -0.6763236570070921, 0.5646514279183134, -0.11010578761607685, -0.43247488007687895, 0.7365894016508472, 0.5199879654148636, -0.515882674904251, -0.7675964198007045, 0.0017638734106572003, -0.6409222111719336, 0.9700810570130544, 0.0, 0.0, 0.0, 1.0]
[ -0.46389675422133875, -0.6915178772930042, 0.5537052252830675, -0.09926376472965459, -0.4421607606697039, 0.7223437146603847, 0.531695034168405, -0.5281316738911916, -0.7676421106532026, 0.001824876988375936, -0.6408673139854194, 0.9700008865670597, 0.0, 0.0, 0.0, 1.0]
[ -0.45444825912049996, -0.7065199832695007, 0.5424875168803073, -0.08807253482908266, -0.4517410219170273, 0.7076771736817169, 0.54323981411592, -0.5402002595878257, -0.767715817083975, 0.0018105225571831893, -0.6407790558284024, 0.969991093569528, 0.0, 0.0, 0.0, 1.0]
[ -0.4449403949988168, -0.7212414010850519, 0.530871980015976, -0.07653572494868967, -0.46111348490916043, 0.6926671011481316, 0.5545929224778285, -0.5520009004195688, -0.7677129319181974, 0.001968565245040303, -0.6407820465426747, 0.9699485953474704, 0.0, 0.0, 0.0, 1.0]
[ -0.435116233076486, -0.7355323946332264, 0.5192801736002385, -0.06494336852209852, -0.4702506340113271, 0.6774726761101991, 0.5655811347254877, -0.5635446334630952, -0.7678013752439378, 0.001901701975854587, -0.6406762687569565, 0.9699342969445036, 0.0, 0.0, 0.0, 1.0]
[ -0.4251907707180156, -0.7495377683267338, 0.5073378015050465, -0.053052655545723144, -0.4791510613555373, 0.6619440570127715, 0.5763952369458314, -0.5748690828859341, -0.7678592421787279, 0.001986488978263308, -0.6406066546564945, 0.9698100656128412, 0.0, 0.0, 0.0, 1.0]
[ -0.4148476406946633, -0.7633117384495257, 0.4952192378398656, -0.04091330223472759, -0.4880960436775815, 0.6460130680660877, 0.5868702974465292, -0.5858677834790824, -0.7678830861905817, 0.0017472075468023358, -0.6405787699013487, 0.9698863435923359, 0.0, 0.0, 0.0, 1.0]
[ -0.40471198263135705, -0.776636985689729, 0.4827301906801511, -0.028500450540265093, -0.4965956572301377, 0.6299301190753724, 0.5971334944967429, -0.5966806041547997, -0.7678422437167495, 0.001945364147727872, -0.640627155805944, 0.9698224917484691, 0.0, 0.0, 0.0, 1.0]
[ -0.39408519584193025, -0.7896042051778535, 0.47032654975700816, -0.016025364878763253, -0.504891039345009, 0.6135982060969327, 0.6070997635330934, -0.6071880997799668, -0.7679600534588711, 0.001785368669160598, -0.6404863883891134, 0.96981833578859, 0.0, 0.0, 0.0, 1.0]
[ -0.3835069098548961, -0.8023878661380621, 0.4572536874920266, -0.003009687135565371, -0.5130632218075116, 0.5967834366976719, 0.6169308995457493, -0.6174816835803173, -0.7678992951053236, 0.001997212790767424, -0.6405586081387219, 0.969768894280746, 0.0, 0.0, 0.0, 1.0]
[ -0.37253338453294105, -0.8146672474764454, 0.44443301304516286, 0.009889717033280017, -0.5209082365187434, 0.5799091706097578, 0.6263770939224449, -0.6274924253014743, -0.7680196829747095, 0.0018375617167686227, -0.6404147352496434, 0.9697506816096262, 0.0, 0.0, 0.0, 1.0]
[ -0.36173794438396245, -0.8266060667238694, 0.4311060138572561, 0.02320047435272832, -0.5283813512959576, 0.5627596904259639, 0.635691124347728, -0.6372642812004637, -0.7680752268474303, 0.002165222430966074, -0.6403470927876763, 0.9695951082293709, 0.0, 0.0, 0.0, 1.0]
[ -0.3503697885380276, -0.8382718081117729, 0.41776248522650306, 0.03661580373903775, -0.5359689278206964, 0.5452315288604243, 0.6445530497345102, -0.6466616228709932, -0.7680879289454818, 0.0019242044464624572, -0.640332626074385, 0.9696733348143449, 0.0, 0.0, 0.0, 1.0]
[ -0.33913605756956117, -0.8495656429457986, 0.40399114094177013, 0.05039667788713655, -0.5431581135056193, 0.5274604203613193, 0.6532639067928411, -0.6558345971547498, -0.7680799080111395, 0.002114279915298711, -0.6403416479679588, 0.9695700162224239, 0.0, 0.0, 0.0, 1.0]
[ -0.32775209063736954, -0.8603721564939285, 0.3902845103056529, 0.06417395029436321, -0.5500637583510548, 0.5096428844465414, 0.6615762735619826, -0.6647099569900508, -0.7681075287567191, 0.002151642211091642, -0.64030839075817, 0.9695579684693617, 0.0, 0.0, 0.0, 1.0]
[ -0.3162484270493898, -0.870772623892942, 0.37646440126869674, 0.07808396219484127, -0.5566946326921758, 0.4916614980589919, 0.6695890054916595, -0.6732999354522339, -0.7681528267354868, 0.002180758170345599, -0.6402539482909044, 0.9694968033029664, 0.0, 0.0, 0.0, 1.0]
[ -0.3043950873340665, -0.8808560207731292, 0.3625183838234318, 0.09215295144393684, -0.5631327599798845, 0.47335956021814896, 0.6773490987999761, -0.6815792889723976, -0.7682485745808657, 0.002035760058933651, -0.6401395314655293, 0.9694372282001921, 0.0, 0.0, 0.0, 1.0]
[ -0.2926347837448766, -0.8905739082451392, 0.34817535549552503, 0.10658453678810928, -0.5694000961070195, 0.4548123659255112, 0.6847766186136407, -0.6895616742994504, -0.7681986467035167, 0.0021383768203030317, -0.640199113109065, 0.9694699942772536, 0.0, 0.0, 0.0, 1.0]
[ -0.2804482977858642, -0.8999473558196653, 0.33380593348070203, 0.12107135781454925, -0.5754309948881922, 0.43597202331641305, 0.6919519710534378, -0.6972380557648084, -0.7682503949183527, 0.0019744720291283175, -0.640137538758929, 0.9694433227672558, 0.0, 0.0, 0.0, 1.0]
[ -0.268254938388802, -0.9088986595207391, 0.31925730066678104, 0.13575654041480834, -0.5811939968234058, 0.41698961487841996, 0.6988013650379107, -0.704611560878854, -0.7682666028063847, 0.0019064905346770533, -0.6401182923429959, 0.9694407811469028, 0.0, 0.0, 0.0, 1.0]
[ -0.25618117323335754, -0.9173717342613402, 0.30460275920866553, 0.15053037457241078, -0.5865515192703044, 0.3980021370526507, 0.7053665290248456, -0.7116923131039344, -0.7683158651386073, 0.0020364137773566295, -0.640058762000732, 0.9693814199489892, 0.0, 0.0, 0.0, 1.0]
[ -0.24376930604780364, -0.9254984141628833, 0.2898475033449934, 0.1654640476651127, -0.5917424156164047, 0.3787210146833566, 0.7116191420295176, -0.7184553507863429, -0.7683737280065235, 0.0019558426331186046, -0.6399895479629707, 0.9693490287790184, 0.0, 0.0, 0.0, 1.0]
[ -0.2314670126576237, -0.9332005120989837, 0.2748490996690338, 0.18055134282987206, -0.5966623627181791, 0.3593231942345002, 0.7175454875993953, -0.7249453061395641, -0.7683734729076246, 0.002095997261100109, -0.6399894105661963, 0.9693101194131446, 0.0, 0.0, 0.0, 1.0]
[ -0.21884688851292838, -0.9405475654811153, 0.259727476674063, 0.1958491678133392, -0.6013561855964329, 0.33962728703620376, 0.7231976635079262, -0.7310711137384222, -0.7684123400455819, 0.002080833771228457, -0.6399427922534954, 0.9692450768891336, 0.0, 0.0, 0.0, 1.0]
[ -0.20617205488791895, -0.9474321374339322, 0.24463713513771418, 0.21113607412583713, -0.6058121200727795, 0.31992056403033964, 0.7284459287574359, -0.7368724510032414, -0.7684175335437274, 0.0019810525203495747, -0.6399368726588024, 0.9692734088281624, 0.0, 0.0, 0.0, 1.0]
[ -0.1935733204947946, -0.9538823009105243, 0.22938981144653547, 0.22656924545126994, -0.6098862698090399, 0.3001416347977747, 0.7334472312073376, -0.7423659006803698, -0.7684717655140251, 0.0020741195171912275, -0.6398714507139797, 0.969165582530084, 0.0, 0.0, 0.0, 1.0]
[ -0.18050910922063718, -0.959986034713446, 0.21406752162842338, 0.242131809572432, -0.6138199540208036, 0.28000747159203465, 0.7381138910230842, -0.747535840469988, -0.7685195328913111, 0.0018373646886490024, -0.6398148013782012, 0.9691927284179258, 0.0, 0.0, 0.0, 1.0]
[ -0.16789524919868143, -0.9656217825937117, 0.1984118522671215, 0.25791267314523936, -0.6174151803218506, 0.25990515219881327, 0.7424548248425594, -0.7523503639461205, -0.7684988141213085, 0.0021521482902076574, -0.6398387061970654, 0.969142119190764, 0.0, 0.0, 0.0, 1.0]
[ -0.15484461915134298, -0.9708638779009385, 0.18283288817448215, 0.2737322729466847, -0.6207151194790093, 0.23958220012248732, 0.7465283561768423, -0.7568912205827493, -0.7685809204444531, 0.0021087609699654074, -0.6397402194841894, 0.9690465338300014, 0.0, 0.0, 0.0, 1.0]
[ -0.14170608705176643, -0.9756926419668438, 0.16710636684259372, 0.2897001468566457, -0.623856149056557, 0.21908989886359329, 0.7501964435689538, -0.7610089137402294, -0.768572467030929, 0.0020570680370549724, -0.639750543741201, 0.9690790426952904, 0.0, 0.0, 0.0, 1.0]
[ -0.1286356329639347, -0.9800409646150623, 0.15150501787321966, 0.3055549417877852, -0.6265576421636574, 0.1987370095455685, 0.7536052038167872, -0.7649049392328765, -0.7686736250708062, 0.0020138556232804374, -0.6396291318721294, 0.9689423966390678, 0.0, 0.0, 0.0, 1.0]
[ -0.11546020852197983, -0.9839657648387268, 0.13587279423813634, 0.3214476435619033, -0.6291891909833921, 0.17829376585758228, 0.7565210247698871, -0.7683963898652211, -0.7686160609165892, 0.0018583817878470635, -0.6396987751020325, 0.969090037013558, 0.0, 0.0, 0.0, 1.0]
[ -0.10242040846780699, -0.9874759129390797, 0.11992666551477713, 0.3375862578291424, -0.6314049749243764, 0.15769561651060582, 0.7592441606997969, -0.7716189477078113, -0.7686472301851114, 0.002039803833548609, -0.6396607689563021, 0.9689580064558019, 0.0, 0.0, 0.0, 1.0]
[ -0.08913448676640942, -0.9905494460581572, 0.10415274330339794, 0.3536408285294363, -0.6333742607036257, 0.13707248110738354, 0.7616036339669521, -0.77448395418829, -0.7686825326805811, 0.0019174822430325913, -0.6396187229832389, 0.9689397165940894, 0.0, 0.0, 0.0, 1.0]
[ -0.07584925193702938, -0.9931952468148427, 0.08826658250378512, 0.3698427550742023, -0.635058936663088, 0.11636348965259113, 0.7636436731997068, -0.777009556686544, -0.7687182740420248, 0.0018673193309045274, -0.639575914802271, 0.9689308447604417, 0.0, 0.0, 0.0, 1.0]
[ -0.06261911273898635, -0.9953978940370927, 0.07240667860255726, 0.38599017708707856, -0.6364559245689473, 0.09570991434965, 0.7653466488368847, -0.7791708982209651, -0.7687544794679748, 0.0018416685129651073, -0.639532469862083, 0.968893357905758, 0.0, 0.0, 0.0, 1.0]
[ -0.04935593598770507, -0.9971885579102221, 0.05621191415047273, 0.40243924642343826, -0.63766566479397, 0.07477797556699967, 0.7666699536663961, -0.7809633108802637, -0.7687179186326086, 0.0019953055507526047, -0.6395759554991932, 0.9688852481171171, 0.0, 0.0, 0.0, 1.0]
[ -0.035836969776772226, -0.9985380289552956, 0.04022802985086335, 0.4187373770093881, -0.6385240551548741, 0.05384438549194257, 0.7677108227909533, -0.7824453793644756, -0.768754505344198, 0.001825864802395514, -0.6395324840725104, 0.9689201145215948, 0.0, 0.0, 0.0, 1.0]
[ -0.02257360029090876, -0.9994469099423273, 0.02402217284372564, 0.4352353562887241, -0.6390787847936148, 0.03290355921485825, 0.7684320257761572, -0.783597101006499, -0.7687974286493363, 0.0019942163715339824, -0.6394803804444804, 0.9687691500462681, 0.0, 0.0, 0.0, 1.0]
[ -0.009031211458663133, -0.9999159479946421, 0.008202582652257274, 0.4514467161617064, -0.6394467635984924, 0.012081488044246667, 0.7687353242612038, -0.7843394695344856, -0.7687698099198556, 0.0016974963390119333, -0.639514439923646, 0.9689265445841976, 0.0, 0.0, 0.0, 1.0]
[ 0.004313138733092276, -0.9999485561849524, -0.008064116264954619, 0.4679983083060646, -0.6393940865858595, -0.00895800589608122, 0.7688218801052803, -0.7848181898010425, -0.7688545673757241, 0.0018401128234218223, -0.6394121415020574, 0.968737063966168, 0.0, 0.0, 0.0, 1.0]
[ 0.01770593337634164, -0.9995389718321687, -0.02427142260375508, 0.484506489428859, -0.6392264012033585, -0.029982423196010584, 0.7684287721242372, -0.7848401240831978, -0.768802220879391, 0.0019091854793884331, -0.6394748784873625, 0.9687772856379997, 0.0, 0.0, 0.0, 1.0]
[ 0.03125356139983837, -0.9986893633819306, -0.040293281414765215, 0.500962996078651, -0.6386764991505461, -0.05096351651076179, 0.7677806625417978, -0.7845746801454488, -0.7688278684034792, 0.0017384918349114804, -0.6394445290247687, 0.9687834722489358, 0.0, 0.0, 0.0, 1.0]
[ 0.044466208467610215, -0.9974175507642188, -0.056229827561114346, 0.5172228402278332, -0.637809229815614, -0.07166492025180532, 0.7668478299903946, -0.784026025328749, -0.7688971905058155, 0.0017650875381317263, -0.6393610968235948, 0.9687319981947581, 0.0, 0.0, 0.0, 1.0]
[ 0.05788424245168013, -0.9956932403601512, -0.0722857737043367, 0.5336540614111327, -0.636633198599017, -0.09258948787294696, 0.7655830383793815, -0.783126602693676, -0.7689787590165205, 0.0017043291161505255, -0.6392631525950483, 0.9686193201792697, 0.0, 0.0, 0.0, 1.0]
[ 0.07126680774158281, -0.9935292645491743, -0.0883263250889802, 0.5500648598281404, -0.6353727396146307, -0.11347910355457257, 0.763816702015125, -0.7817770892072522, -0.76889743839483, 0.001685361099556096, -0.6393610138403918, 0.9687531486796795, 0.0, 0.0, 0.0, 1.0]
[ 0.08469083032038914, -0.9909236495474564, -0.10430120027048817, 0.5664161565066296, -0.6337216188795883, -0.13434496649584213, 0.7618006694611337, -0.7801346850751738, -0.7688986408659371, 0.0015803942512062621, -0.6393598357972635, 0.9686989624299881, 0.0, 0.0, 0.0, 1.0]
[ 0.0977093287773988, -0.987919320190715, -0.12020536160817442, 0.5826932681118976, -0.6318012917499667, -0.15489721731881181, 0.7594905084304261, -0.7781993818504067, -0.768934822799795, 0.0017365949477741332, -0.6393159145874133, 0.9686639949408794, 0.0, 0.0, 0.0, 1.0]
[ 0.11115198777084392, -0.9844548608333764, -0.1359226441681683, 0.5988346635208484, -0.6295465846437907, -0.17557702272261194, 0.7568590242683733, -0.7759487036957954, -0.7689584385902383, 0.0014432514020924505, -0.6392882387357517, 0.9687269203506892, 0.0, 0.0, 0.0, 1.0]
[ 0.12408620977225741, -0.9805661536885981, -0.15190069759051603, 0.615181242147341, -0.6269738625350046, -0.19613242754861906, 0.7539413355524194, -0.7733410476383559, -0.769082008074237, 0.001684044370754175, -0.6391389838031702, 0.9684607221676642, 0.0, 0.0, 0.0, 1.0]
[ 0.1374987946284692, -0.9762000211486431, -0.16765705553157353, 0.6313695365247948, -0.6243553673160903, -0.2168225922907527, 0.7504398232042662, -0.7702015118846256, -0.7689312086789793, 0.0014930113577616014, -0.6393208767744349, 0.968695597912783, 0.0, 0.0, 0.0, 1.0]
[ 0.15037609370850502, -0.9714557612006003, -0.1834179083066226, 0.6475361930667853, -0.6212242715349162, -0.2371745947421598, 0.7468735520364603, -0.7669313760646752, -0.7690566830852534, 0.0016317292248010243, -0.6391695926597764, 0.9685037637206849, 0.0, 0.0, 0.0, 1.0]
[ 0.16347342336052845, -0.9662718177211952, -0.19893899318216393, 0.6634888526951991, -0.6179394228068192, -0.25748260002478146, 0.7428626737508364, -0.7632177193469751, -0.7690305952933036, 0.0014939422559515853, -0.6392013180050754, 0.9685919112704621, 0.0, 0.0, 0.0, 1.0]
[ 0.17638443592135433, -0.9606763071505843, -0.21440894485399023, 0.6794148312475461, -0.6142822714847441, -0.27763239710642545, 0.7386262883269025, -0.7593062385515088, -0.7691076443551038, 0.0014254324483320686, -0.6391087626992938, 0.968460607308441, 0.0, 0.0, 0.0, 1.0]
[ 0.18937581544542798, -0.9546202803198326, -0.22982315973597464, 0.6952458451774295, -0.6104949580133402, -0.2977903903931065, 0.7338991118690985, -0.7548617781176161, -0.769034104358108, 0.0013231374886212067, -0.6391974724971314, 0.9686284985028388, 0.0, 0.0, 0.0, 1.0]
[ 0.20182637112817517, -0.9482174696706338, -0.24521755799794095, 0.7110450573381368, -0.6064076825703668, -0.31758761408558467, 0.7289710610675965, -0.7503295630792128, -0.7691011541650928, 0.0015762271583676186, -0.6391162189895585, 0.968411492912031, 0.0, 0.0, 0.0, 1.0]
[ 0.21472873660894776, -0.9413724577383163, -0.26017593212803886, 0.7265368535870521, -0.602090156048455, -0.33733819417212496, 0.7236582177586564, -0.7452683515420753, -0.768999194125118, 0.0012591527390239693, -0.639239601567105, 0.9686881237193433, 0.0, 0.0, 0.0, 1.0]
[ 0.22725663236997104, -0.9340488247070676, -0.2754803515951608, 0.7422532136129453, -0.5972811505513129, -0.3571158739054762, 0.7181324082630067, -0.7399728784906867, -0.7691491384258113, 0.001338868657449844, -0.6390590114280374, 0.96841404742194, 0.0, 0.0, 0.0, 1.0]
[ 0.2396961312945537, -0.926404252143864, -0.29035029921302163, 0.7575950432445729, -0.5924038400672454, -0.37650267561926076, 0.7122457015712058, -0.7343594582682721, -0.7691451110273103, 0.0012820930206742735, -0.6390639751544828, 0.9684459425098687, 0.0, 0.0, 0.0, 1.0]
[ 0.2522211176426623, -0.9182724424008655, -0.3051930037376136, 0.7729366649581518, -0.5873474013596086, -0.39592295343260475, 0.7058741991179708, -0.7282853853735577, -0.7690177402585777, 0.0012179382417670007, -0.6392173695146094, 0.9686164656174487, 0.0, 0.0, 0.0, 1.0]
[ 0.2642420584189304, -0.9098089101765416, -0.32001031244554723, 0.7881529537697293, -0.581875751762233, -0.4150018788284648, 0.6994170539050454, -0.7220242138752321, -0.7691407484816228, 0.0013908391087466845, -0.6390689983368697, 0.9684445064158709, 0.0, 0.0, 0.0, 1.0]
[ 0.27649116846322774, -0.9009410106247163, -0.3344261193748151, 0.8030850874470565, -0.5761881086635785, -0.4339177615446323, 0.6926128951344356, -0.7155429806246125, -0.7691167948353069, 0.0011910045418557058, -0.6390982304571005, 0.9684733287064778, 0.0, 0.0, 0.0, 1.0]
[ 0.28843371668619494, -0.8916520479208364, -0.34892077524920545, 0.8180701800696563, -0.5702506196729877, -0.4526983379782061, 0.6854693566273945, -0.7086120656390937, -0.7691560106651769, 0.0012598140961045537, -0.6390509007303873, 0.9683960128221732, 0.0, 0.0, 0.0, 1.0]
[ 0.30045602243991, -0.8819553194511269, -0.3631312142582116, 0.8327530254496468, -0.5640252845908922, -0.4713113206137255, 0.6780344501171024, -0.7013404783024881, -0.7691439422000016, 0.0010956525064078216, -0.6390657287679846, 0.9684873661033161, 0.0, 0.0, 0.0, 1.0]
[ 0.3120145116768414, -0.8718745785836487, -0.37744556365061543, 0.8475443919205754, -0.5576542345950026, -0.48970767051476166, 0.6702220135322574, -0.693750073872114, -0.7691875233273955, 0.001365122631526557, -0.6390127534386429, 0.9683119757233783, 0.0, 0.0, 0.0, 1.0]
[ 0.32404545561546166, -0.8613736207377709, -0.3911696832342299, 0.8618016621926905, -0.5509130581909012, -0.5079521358134155, 0.6621696299424957, -0.6858851919144013, -0.7690709277504416, 0.0009274270326978514, -0.6391538626185798, 0.9686124286392794, 0.0, 0.0, 0.0, 1.0]
[ 0.3351746981477139, -0.8506538442313079, -0.4050060048943367, 0.8761097163643887, -0.5439902450817592, -0.525706695231531, 0.6539847591652536, -0.6779501024274603, -0.7692290178345359, 0.0011201716156353588, -0.6389632781147081, 0.9683062218384011, 0.0, 0.0, 0.0, 1.0]
[ 0.3465467358734086, -0.8394451162621915, -0.41859452587764884, 0.8901959714068882, -0.5368223883960115, -0.5434257244675788, 0.6453673148686214, -0.6694801523083516, -0.769225474144932, 0.0010609767440282354, -0.6389676453503197, 0.96833381012337, 0.0, 0.0, 0.0, 1.0]
[ 0.3578801236872972, -0.8278138467541643, -0.4320073984392247, 0.9041497365984031, -0.52954634824279, -0.5609847366043476, 0.6362902892337133, -0.6605714729365434, -0.769079468607438, 0.001052292845371909, -0.639143391987002, 0.9685407278686786, 0.0, 0.0, 0.0, 1.0]
[ 0.36869488013796087, -0.8158924136352694, -0.4453854744338106, 0.9179872207314188, -0.5218256451519628, -0.5781859189708407, 0.6272059948633272, -0.6516242756409316, -0.769248222827327, 0.001165923439791387, -0.6389400747886091, 0.9682599175183626, 0.0, 0.0, 0.0, 1.0]
[ 0.37990409254053936, -0.8035132488958718, -0.4582838965491576, 0.9314292289650417, -0.5139007194975604, -0.5952700963976009, 0.6176954392826599, -0.6422456217376464, -0.769129168522458, 0.0008473988436488096, -0.6390838868670706, 0.9685093929383122, 0.0, 0.0, 0.0, 1.0]
[ 0.39023384847281056, -0.7910588950574533, -0.47109275919606636, 0.9447554615472401, -0.5059777638713184, -0.611723331089105, 0.6080862889163585, -0.6328353333756701, -0.7692104997171373, 0.0010666081466150306, -0.6389856629572906, 0.9683513576739681, 0.0, 0.0, 0.0, 1.0]
[ 0.40091654415695405, -0.7779366559828869, -0.48380340768888824, 0.9579617548624709, -0.49751786975101053, -0.6283266981400325, 0.5980544814845848, -0.6228696354501465, -0.7692351011237524, 0.0009309048372765745, -0.6389562581936448, 0.9683570023373191, 0.0, 0.0, 0.0, 1.0]
[ 0.4112893949611134, -0.7645877726608034, -0.4962177537346692, 0.970898924569966, -0.489082442317183, -0.6445039466578604, 0.5877077711662495, -0.6126775711707264, -0.7691684764151405, 0.000973417300787306, -0.6390363969206435, 0.968386504149581, 0.0, 0.0, 0.0, 1.0]
[ 0.4215241145001146, -0.7509224142592806, -0.5083489656912037, 0.9835927273269924, -0.4802600534542133, -0.6603753667024561, 0.5772710099663956, -0.602280634904619, -0.7691868751170021, 0.0008060501335798118, -0.6390144835080509, 0.9683916267319028, 0.0, 0.0, 0.0, 1.0]
[ 0.4313882113678111, -0.7369853268913643, -0.5203295096174788, 0.9960674391804738, -0.4713522730169334, -0.6758939595303475, 0.566552130856794, -0.5916272952599495, -0.7692281798763351, 0.0008545866990504239, -0.6389646973369187, 0.968385623450376, 0.0, 0.0, 0.0, 1.0]
[ 0.4412420005952513, -0.722688908182952, -0.5319891302156513, 1.0083036582399623, -0.46219963011132587, -0.6911591237647916, 0.5555693089718962, -0.5808028093996092, -0.7691929184131001, 0.0007446658488393088, -0.6390072834177123, 0.9683476454178622, 0.0, 0.0, 0.0, 1.0]
[ 0.45096384499579484, -0.7078782969590098, -0.5436233658522309, 1.0204269742325185, -0.45276939842831093, -0.706320401175711, 0.5441487024990986, -0.5694135338845142, -0.769163330674755, 0.0007446332000217082, -0.6390428981438094, 0.968445503958919, 0.0, 0.0, 0.0, 1.0]
[ 0.4600703267316468, -0.6930375187976682, -0.5549963686900724, 1.0323001411132766, -0.44327500153849203, -0.7208875803883175, 0.5327425087828974, -0.5580531756568887, -0.769300535794233, 0.0009169961053644409, -0.6388774922287823, 0.9682206911318694, 0.0, 0.0, 0.0, 1.0]
[ 0.46940900557946286, -0.6778171259398568, -0.5658675119878184, 1.0437637061957836, -0.43347786282937595, -0.7352171254396194, 0.5210937494920885, -0.54646344633731, -0.7692417531693041, 0.0006849409783006621, -0.6389485606189225, 0.9682998121202312, 0.0, 0.0, 0.0, 1.0]
[ 0.47847405090276723, -0.6623179798164129, -0.5765280761244721, 1.0549380276653333, -0.4235441584554472, -0.7492098105819709, 0.5091961747941451, -0.5346205506790914, -0.7691902725283073, 0.0005479423701294639, -0.639010667372013, 0.9684399235679211, 0.0, 0.0, 0.0, 1.0]
[ 0.4870448155999499, -0.6463661404767287, -0.587354704573389, 1.0662619435368998, -0.4134545600867642, -0.763014297253046, 0.49684002300510055, -0.5222842164129546, -0.7693006052525108, 0.0008611236070878203, -0.6388774863428809, 0.9681672571173902, 0.0, 0.0, 0.0, 1.0]
[ 0.49580365019992684, -0.6302121172590233, -0.5974939731474075, 1.0769481692619738, -0.4030374040742334, -0.7764103780045757, 0.4844925614326319, -0.5099103839766959, -0.7692336044835406, 0.0005992394343196655, -0.638958457154276, 0.9683612219197044, 0.0, 0.0, 0.0, 1.0]
[ 0.5040932361316441, -0.6138890115047587, -0.6074686349796162, 1.0874732393854254, -0.3925837077386999, -0.7893799469723639, 0.4719558953101978, -0.49739470810978637, -0.7692520969134046, 0.0005725144769395167, -0.6389362177854309, 0.9682872667471104, 0.0, 0.0, 0.0, 1.0]
[ 0.5121856121722128, -0.5972877956935397, -0.617171992422115, 1.0977245527863264, -0.3819748707437226, -0.8020147925617762, 0.45918653844961227, -0.48467825737560266, -0.7692475828400764, 0.0005554537350290875, -0.6389416676633164, 0.9682817979201968, 0.0, 0.0, 0.0, 1.0]
[ 0.5201343612735586, -0.580243577397433, -0.6267104163601753, 1.1077395149704194, -0.3711875742797859, -0.8144309128726692, 0.44598951706094764, -0.4714752573252593, -0.7691948893642261, 0.000652646633409228, -0.6390050114806598, 0.968419444685712, 0.0, 0.0, 0.0, 1.0]
[ 0.5277947081550934, -0.5630577730440356, -0.6359144776355788, 1.1175063690268239, -0.36010362217089326, -0.8264057134214065, 0.43285486291575215, -0.4582661163798505, -0.7692456527300565, 0.0005366007413511029, -0.6389440075496867, 0.9682813248364817, 0.0, 0.0, 0.0, 1.0]
[ 0.5352159567701819, -0.5456179023321585, -0.6448517172672075, 1.1269805220997193, -0.34890644049361, -0.8380224476054473, 0.419483978119545, -0.44481920779406325, -0.7692781826503764, 0.0004783986188788252, -0.6389048871612538, 0.96825012484418, 0.0, 0.0, 0.0, 1.0]
[ 0.5424377058733002, -0.5280036299844693, -0.6534236521751742, 1.1360746711050373, -0.33762637421650865, -0.8492306797530105, 0.405955174623892, -0.4312814286960938, -0.769253218115812, 0.00040766490083421193, -0.6389349943258251, 0.9682997032745138, 0.0, 0.0, 0.0, 1.0]
[ 0.5494429187344206, -0.509970264807292, -0.6618398510510961, 1.145022408445846, -0.3261933831335184, -0.8601806929311959, 0.39200861960906896, -0.4172605349004788, -0.7692146012353893, 0.0005014199798828359, -0.6389814189104839, 0.9683665878710035, 0.0, 0.0, 0.0, 1.0]
[ 0.5559160209627857, -0.49196984221208084, -0.6700092848965036, 1.1536947877158763, -0.3146288758412385, -0.8706010107863561, 0.3782142930742078, -0.4033815472097495, -0.7693807867532114, 0.0005488832331126998, -0.6387812666843425, 0.9680571507480457, 0.0, 0.0, 0.0, 1.0]
[ 0.5628339858129278, -0.473617454903633, -0.6774171483341161, 1.161722046563877, -0.3028866802582418, -0.8807197012130485, 0.3641095524878095, -0.38919113402118816, -0.7690632680327951, 0.0002474005096499708, -0.6391637043277734, 0.9686135971342924, 0.0, 0.0, 0.0, 1.0]
[ 0.5688022471752869, -0.45502866920271434, -0.6851296944153564, 1.169880779742714, -0.29103679134141575, -0.8904658697456083, 0.349787397493522, -0.37482320103168093, -0.7692479032114714, 0.00043809018745927085, -0.6389413731986913, 0.968286167366257, 0.0, 0.0, 0.0, 1.0]
[ 0.5746945048558972, -0.43629354618858046, -0.6923612812607692, 1.1776388443042283, -0.27903200340614637, -0.8997935863520053, 0.33540357157342077, -0.36027723095248276, -0.7693166539629801, 0.0004363658987522895, -0.6388585918548322, 0.9681916374782056, 0.0, 0.0, 0.0, 1.0]
[ 0.5807033839988568, -0.41723494408204537, -0.6990627560690579, 1.1848803774160415, -0.26672778263935953, -0.9087880545831872, 0.32084776872178883, -0.34554917709486066, -0.7691687829610449, 0.0001420738068339481, -0.6390367535466032, 0.9684475955167778, 0.0, 0.0, 0.0, 1.0]
[ 0.586067743305836, -0.39823587606094046, -0.7056366775746727, 1.1919654023944721, -0.2546539036193054, -0.9172725169883076, 0.30617816828392697, -0.33083565456499525, -0.7691922623954704, 0.00025198634567207283, -0.6390084573209314, 0.9684077863828862, 0.0, 0.0, 0.0, 1.0]
[ 0.5911480467847896, -0.3789077953563695, -0.7120136072561336, 1.1988427717911128, -0.2423410947275652, -0.9254239564946072, 0.2912793761270725, -0.31581100944718066, -0.7692824757460562, 0.0003609227771630709, -0.6388997950579823, 0.9682099461979434, 0.0, 0.0, 0.0, 1.0]
[ 0.5962273536939197, -0.35936558767022214, -0.7178857752341379, 1.2052356329310407, -0.22977420274017046, -0.9331865187575309, 0.2763131444927624, -0.30065350237694305, -0.7692187630079449, 0.00020617673116788622, -0.6389765722598933, 0.9683394501937344, 0.0, 0.0, 0.0, 1.0]
[ 0.6008603587191083, -0.3398156397805989, -0.7235212407741027, 1.2113594337667641, -0.21732342950227926, -0.940481794326693, 0.2612404685128483, -0.28537466652300164, -0.7692321517009805, 0.0002690757401943517, -0.6389604305118511, 0.9683578515487519, 0.0, 0.0, 0.0, 1.0]
[ 0.6053965829642811, -0.31999647994543967, -0.7287579859957156, 1.2171298137161055, -0.20465971352714565, -0.9474085443760366, 0.24599464155392367, -0.2700612233694953, -0.7691489620973087, 0.00022308522023421125, -0.6390605872483649, 0.9684312083182143, 0.0, 0.0, 0.0, 1.0]
[ 0.6093283295509039, -0.3000444862216762, -0.7339505510051882, 1.2227865222128949, -0.19179699528138153, -0.9539151029067959, 0.2307415459242624, -0.25454291934786777, -0.7693592439874544, 0.0001721496318855734, -0.6388074261181238, 0.9680912665662724, 0.0, 0.0, 0.0, 1.0]
[ 0.6133438379114133, -0.2800172000097087, -0.7385058913521946, 1.22784495569731, -0.1789222275772284, -0.9599849551825701, 0.21540047004622184, -0.23898911147769902, -0.7692703815149187, 2.0568173569181174e-05, -0.638914459017768, 0.9682668177127517, 0.0, 0.0, 0.0, 1.0]
[ 0.6171421231436919, -0.25985518214675335, -0.7426993005968273, 1.2325540840705687, -0.16618005520011972, -0.9656376202164062, 0.19977409983006403, -0.22323050560671953, -0.7690907202642545, 0.00013279865202540301, -0.6391307048875614, 0.9685646761756785, 0.0, 0.0, 0.0, 1.0]
[ 0.6203179913111787, -0.23966563871863084, -0.746831612034386, 1.2371463966158365, -0.1532134699198555, -0.9708455687249582, 0.18429844050495475, -0.20753461252857658, -0.7692281645857685, 0.0001010243098113243, -0.6389652792551112, 0.9683348191441024, 0.0, 0.0, 0.0, 1.0]
[ 0.6233440785216452, -0.21920863554577763, -0.7505873217765708, 1.241386885423971, -0.1400835375801367, -0.9756681398934727, 0.16861072787494566, -0.19158296172522193, -0.7692850636612176, 4.2428501190429864e-05, -0.6388967794830048, 0.9682256424577931, 0.0, 0.0, 0.0, 1.0]
[ 0.6262682936494428, -0.19867266348006735, -0.7538626438307452, 1.2451849966535584, -0.12708975693877192, -0.9800560646838359, 0.1527072350332996, -0.17546013732089816, -0.7691664091416546, 0.0001725206574403606, -0.6390396033150084, 0.9683623223819353, 0.0, 0.0, 0.0, 1.0]
[ 0.6286826562697692, -0.17816118637613781, -0.7569732415778511, 1.2487378652224803, -0.1137564647789864, -0.9839915294065289, 0.1371176343897312, -0.15967032592385108, -0.7692842981159715, -9.287871537719889e-05, -0.6388976959376863, 0.9681590912615546, 0.0, 0.0, 0.0, 1.0]
[ 0.6310067818352467, -0.15744223145660682, -0.7596276993569668, 1.2518604678906669, -0.10049107567336014, -0.9875184403771247, 0.12120191150518582, -0.14343361941431476, -0.7692286603404378, -0.0001434235115062799, -0.6389646743108188, 0.9683001499923758, 0.0, 0.0, 0.0, 1.0]
[ 0.6330783288986733, -0.13669464673956633, -0.7619175327484669, 1.2546205343299042, -0.08740606022484865, -0.9906035114137045, 0.10509911216725647, -0.1271016216941683, -0.7691246693586427, 6.023945419959315e-05, -0.6390898605925018, 0.9684652945294533, 0.0, 0.0, 0.0, 1.0]
[ 0.6347689434008355, -0.11594538517026243, -0.7639483225253083, 1.2571267907504966, -0.07399463704735726, -0.9932458891909144, 0.08926532142556418, -0.11101801404006435, -0.7691384329775917, -0.0001347749154438239, -0.6390732844530104, 0.9684163569905517, 0.0, 0.0, 0.0, 1.0]
[ 0.636174884932036, -0.09509635841562955, -0.7656567325163265, 1.2592740997048726, -0.060698361624733646, -0.9954583968969664, 0.07320614062109895, -0.09466910252254637, -0.7691410609108007, -9.779885525813782e-05, -0.6390701283331793, 0.9684064345641541, 0.0, 0.0, 0.0, 1.0]
[ 0.6371987903550963, -0.07416820002263992, -0.7671172377320435, 1.2611616721717152, -0.047301650307608044, -0.9972360862041842, 0.05712750637857919, -0.07827896809509372, -0.7692340361355491, -0.00011566663629434421, -0.638958208014675, 0.9682400861473861, 0.0, 0.0, 0.0, 1.0]
[ 0.6380177715294614, -0.053346168067672485, -0.7681663995043334, 1.2626595803175125, -0.033959456579012934, -0.9985664258509503, 0.041141560029467034, -0.061948397164239936, -0.7692599205877336, -0.0001625329578220286, -0.6389270339490187, 0.9681555381254184, 0.0, 0.0, 0.0, 1.0]
[ 0.6384158625636874, -0.032460253194041486, -0.7690017235830114, 1.2639005372786491, -0.020691940139599227, -0.9994633939473111, 0.02501053212383368, -0.045605705668480614, -0.7694009208088659, -5.4982807385839754e-05, -0.6387572484201179, 0.967892022944014, 0.0, 0.0, 0.0, 1.0]
[ 0.6389055683088861, -0.011495279928449512, -0.7691941702239952, 1.2645278669568534, -0.007219009946866023, -0.9999242864529169, 0.008947385067213046, -0.029161957210068316, -0.769238784500947, -0.00016371377532781216, -0.6389524808574408, 0.9681962677169258, 0.0, 0.0, 0.0, 1.0]
[ 0.6389112075702486, 0.009581929647016162, -0.7692157007539546, 1.2649709370903763, 0.006330604973556641, -0.9999444285733546, -0.007197993088960404, -0.012671632893007143, -0.7692419250034438, -0.0002707222843809229, -0.6389486635161653, 0.9681980538254911, 0.0, 0.0, 0.0, 1.0]
[ 0.638645260948316, 0.030299743110106275, -0.7688993989397779, 1.2651361686214242, 0.019368541862991324, -0.9995312262963528, -0.02330117162687114, 0.00368033911778674, -0.7692449786352633, -1.1277362749351301e-05, -0.638945044358952, 0.9682102126327202, 0.0, 0.0, 0.0, 1.0]
[ 0.6379158276182298, 0.05138550776673472, -0.7683846957650955, 1.2649802029209538, 0.03297876468588098, -0.9986692324171017, -0.03940738640643571, 0.02021714845737134, -0.7693871228810308, -0.00020178255613639436, -0.6387738388589466, 0.9680710186519031, 0.0, 0.0, 0.0, 1.0]
[ 0.6370449740585038, 0.07223015984028355, -0.7674298606536378, 1.2643898123030313, 0.04632584641981638, -0.9973783081602109, -0.05541870078694005, 0.03657704625166042, -0.7694207976663329, -0.0002476330574492966, -0.6387332593346192, 0.9680885472360793, 0.0, 0.0, 0.0, 1.0]
[ 0.6358838599526639, 0.09316563860720749, -0.7661357113529674, 1.2634798221888797, 0.0597296870285646, -0.9956409110764887, -0.0715009511036798, 0.052951744783467355, -0.7694574894302992, -0.0002947454824248552, -0.6386890368410529, 0.9680469266537401, 0.0, 0.0, 0.0, 1.0]
[ 0.6345463874984127, 0.11392093749904227, -0.7644376363369407, 1.2621842878548488, 0.07303814777251608, -0.9934800653484603, -0.08742815788387227, 0.06928508399958995, -0.7694134506127915, -0.0003558872947983458, -0.6387420585499469, 0.9680997488365775, 0.0, 0.0, 0.0, 1.0]
[ 0.6329150615485029, 0.134704080310652, -0.7624075509015259, 1.2605399301790559, 0.08632057993150363, -0.9908760912720085, -0.10341316175938194, 0.08566649032483176, -0.7693815888403831, -0.00035971429811255815, -0.6387804351287423, 0.9681377470271834, 0.0, 0.0, 0.0, 1.0]
[ 0.6308313039523802, 0.1555119663030042, -0.760170879988637, 1.2586355612931803, 0.09956621209382198, -0.98782420900962, -0.1194609692096481, 0.10208208013365329, -0.7694928084551771, -0.0003276160865584852, -0.6386464671888451, 0.9679755835402141, 0.0, 0.0, 0.0, 1.0]
[ 0.6285648495375485, 0.17605182378276743, -0.757564374555729, 1.2563911856214787, 0.11279368681866081, -0.9843710022137513, -0.13517548933267562, 0.11816920813045784, -0.7695222940506022, -0.0004819176950558182, -0.6386108404088199, 0.9678631562451677, 0.0, 0.0, 0.0, 1.0]
[ 0.6260568264628732, 0.19666711670642664, -0.754563850325673, 1.2537569344345147, 0.12598425938773106, -0.9804603637574829, -0.15101863291173592, 0.134460721719066, -0.7695203462722534, -0.0005169217865516375, -0.6386131601330853, 0.9678368883732781, 0.0, 0.0, 0.0, 1.0]
[ 0.6235272403305835, 0.21714115083219926, -0.751036023031465, 1.2505959852948776, 0.13898941156142652, -0.9761302866991793, -0.16683192030594263, 0.15068572381593873, -0.7693350836538934, -0.0003618080351609883, -0.6388364442297515, 0.9681852773089226, 0.0, 0.0, 0.0, 1.0]
[ 0.6203117091726045, 0.23746275789660862, -0.7475401848213076, 1.247388783993513, 0.15200938383571863, -0.9713866212268878, -0.1824351035877011, 0.16664283111055656, -0.7694720771999822, -0.0004664919675581055, -0.6386713591952202, 0.9679437515470523, 0.0, 0.0, 0.0, 1.0]
[ 0.6170661334963138, 0.257713525998305, -0.7435082484482525, 1.2436959064133932, 0.16491800638651924, -0.9662113190940196, -0.19803848115253184, 0.1827049463131624, -0.7694232807516379, -0.00041505821774324525, -0.6387301812754818, 0.9679959460532294, 0.0, 0.0, 0.0, 1.0]
[ 0.6135398448908318, 0.2780531883848868, -0.739084938961873, 1.2396125249540815, 0.17802613572092146, -0.9605555117067908, -0.21359173482387522, 0.19868461574933666, -0.7693219746197417, -0.0005293957991112396, -0.6388521141975289, 0.968170279929895, 0.0, 0.0, 0.0, 1.0]
[ 0.6095091956689044, 0.29802090035559736, -0.7346245439878284, 1.2354176416120937, 0.19079552676722591, -0.9545490585727524, -0.22894304486987044, 0.21448507608896603, -0.7694649792302899, -0.0006201857136662744, -0.6386797801530808, 0.9679131868858878, 0.0, 0.0, 0.0, 1.0]
[ 0.6056968161989472, 0.3179304631400581, -0.7294124881187101, 1.2305774351041172, 0.2036119484570753, -0.9481036783646657, -0.24417920541058957, 0.23014670813372468, -0.7691906708958322, -0.0006185306355909352, -0.6390101234108311, 0.9683283939265842, 0.0, 0.0, 0.0, 1.0]
[ 0.6012314296248716, 0.33775658001786624, -0.7241768461710125, 1.2255818564844014, 0.216167389168294, -0.9412231297913367, -0.25952403252071077, 0.24594229564245992, -0.7692679473321404, -0.0005094130384783795, -0.6389171871330391, 0.9682493042385196, 0.0, 0.0, 0.0, 1.0]
[ 0.5965416391848136, 0.35732580564931526, -0.7186424920937314, 1.2203302011312664, 0.22873537555664286, -0.9339692922760077, -0.2745244742097388, 0.2614407256216427, -0.7692846986576984, -0.0006136804785947578, -0.6388969256595134, 0.9681659931698468, 0.0, 0.0, 0.0, 1.0]
[ 0.5915109965072989, 0.37677832616921614, -0.7128417525479726, 1.2147743955403767, 0.24121066126081447, -0.926292774455519, -0.2894502942472146, 0.27676557281604525, -0.7693587620910487, -0.0007319985169135235, -0.6388076103057444, 0.9680558802582571, 0.0, 0.0, 0.0, 1.0]
[ 0.5862994328218882, 0.3961422659653693, -0.7066219926126445, 1.2087998174276224, 0.2534866167522979, -0.9181784411521878, -0.30442637290643926, 0.2922067994565762, -0.7694012328437057, -0.0006342084590764117, -0.6387565600721183, 0.9680282134113253, 0.0, 0.0, 0.0, 1.0]
[ 0.5809850771365361, 0.41527642581589497, -0.6999942935996218, 1.2024298610320214, 0.26590968231139595, -0.9096843287931017, -0.318981455086815, 0.30728884464985734, -0.769239317702179, -0.0008117949421276389, -0.6389513441872274, 0.9682562481701935, 0.0, 0.0, 0.0, 1.0]
[ 0.5751036750499534, 0.43423815436162544, -0.6933130532298845, 1.1959629711873438, 0.2779603199336364, -0.9007870203822491, -0.3336220830453084, 0.32238825627534395, -0.7693988370069429, -0.0008462320527672507, -0.6387592002668648, 0.9679769953595297, 0.0, 0.0, 0.0, 1.0]
[ 0.5694127552575325, 0.452868139825006, -0.6860534751945853, 1.1889465942491264, 0.28977389106556034, -0.8915664862024653, -0.34802783170137747, 0.33721868196182825, -0.7692730029761596, -0.0006288984307986871, -0.6389109934370126, 0.9682363925419594, 0.0, 0.0, 0.0, 1.0]
[ 0.5631302015662816, 0.4716113249651133, -0.6785696326604992, 1.1816836065932723, 0.3018728244566122, -0.8817952558613286, -0.36234403444404406, 0.3520734475513975, -0.769245033028953, -0.0007948624488965108, -0.6389444845476081, 0.9682696011941004, 0.0, 0.0, 0.0, 1.0]
[ 0.5566725728217109, 0.48996158796128214, -0.6708522196492307, 1.1741582460962459, 0.31363483257334834, -0.8717325613985555, -0.3764292871714612, 0.3666633645612669, -0.7692396150523927, -0.0008547638159656706, -0.6389509301591837, 0.9682607287874079, 0.0, 0.0, 0.0, 1.0]
[ 0.5500567518641583, 0.5079667510105985, -0.6628699391606943, 1.1663969513243073, 0.32510304918992805, -0.861365121876356, -0.39030989505205776, 0.38099746747434793, -0.7692374952102056, -0.0008084453447085175, -0.6389535425847086, 0.9682389854590265, 0.0, 0.0, 0.0, 1.0]
[ 0.5430414511279497, 0.5259378663266312, -0.654587152083794, 1.158252757512156, 0.3365798966903897, -0.8505112427265501, -0.4041391970848654, 0.39528366503258516, -0.769285839205393, -0.0008565399805700474, -0.6388952728784493, 0.9682135600984263, 0.0, 0.0, 0.0, 1.0]
[ 0.5359409362451703, 0.543655379019889, -0.6459062787399014, 1.1497825767620933, 0.3480356881419876, -0.8392965240239781, -0.4176560904467843, 0.4093615348154366, -0.7691678747434735, -0.0009594400539250597, -0.6390371422672395, 0.9683713270624417, 0.0, 0.0, 0.0, 1.0]
[ 0.528446185010455, 0.561079059585911, -0.6371212448413318, 1.1411216151542098, 0.3591404821983449, -0.8277499693566139, -0.4310828540173569, 0.4233110685708662, -0.7692486532295293, -0.001011941462234411, -0.6389398190315593, 0.9682048959303678, 0.0, 0.0, 0.0, 1.0]
[ 0.5210214183344825, 0.5782749271873122, -0.627792262787546, 1.1319845748452326, 0.37019793585725697, -0.8158296190130659, -0.4442522568565205, 0.4369478083896652, -0.7690714640558176, -0.0009424588654272898, -0.6391531952998285, 0.9685405453464925, 0.0, 0.0, 0.0, 1.0]
[ 0.5129815752555805, 0.5952420678191808, -0.6184859706068256, 1.1228233017613432, 0.38092908780079604, -0.8035338817537359, -0.4573960054529587, 0.45056456201324047, -0.769235776869982, -0.000963573207979207, -0.6389553962196498, 0.9682300988452471, 0.0, 0.0, 0.0, 1.0]
[ 0.5049995617858881, 0.6118631664380008, -0.6087584003509205, 1.1131994632813271, 0.39161122342392685, -0.7909508517870094, -0.4701301968744076, 0.4638657748402323, -0.7691533261877536, -0.0009810785271274854, -0.6390546205051797, 0.9683751287811853, 0.0, 0.0, 0.0, 1.0]
[ 0.49677772278266225, 0.6283776492102383, -0.5986159621970678, 1.1032385158506541, 0.4022339278424365, -0.7778954756325182, -0.48277503097940516, 0.47703282941311637, -0.7690256876987441, -0.000951769237428081, -0.6392082596976615, 0.9685638236413038, 0.0, 0.0, 0.0, 1.0]
[ 0.48797552593770543, 0.6445023698216718, -0.5886289146584147, 1.0932864128309543, 0.4124573751720226, -0.7645889061254866, -0.49524558288781084, 0.4899597872122206, -0.7692460897874187, -0.0011166133123612014, -0.6389427309690354, 0.9681914951499857, 0.0, 0.0, 0.0, 1.0]
[ 0.47968188680748314, 0.6602695046742375, -0.577872516116204, 1.082685529490826, 0.42247614263959793, -0.751015568946942, -0.5074201692846669, 0.5026448603929432, -0.7690253203051167, -0.0007370873395712503, -0.6392089853253377, 0.968622806248398, 0.0, 0.0, 0.0, 1.0]
[ 0.4705358830244753, 0.6759236172387658, -0.5671950169601861, 1.0720958633128799, 0.43264671295012147, -0.7369578949371528, -0.5193224646063113, 0.5151300071392991, -0.7690211645078703, -0.0010352052315355314, -0.6392135718918683, 0.968542524510132, 0.0, 0.0, 0.0, 1.0]
[ 0.46117353384592313, 0.6912417898025441, -0.5563186724013042, 1.0612490508405579, 0.4424032990714523, -0.7226092711056433, -0.531132130932645, 0.5274714016211609, -0.7691417551738864, -0.0011731342440640922, -0.6390682234539582, 0.9683307400730665, 0.0, 0.0, 0.0, 1.0]
[ 0.452155024637045, 0.7061545107192964, -0.5448743925011172, 1.0499295959952657, 0.4519781317719302, -0.7080435405625438, -0.5425647681421911, 0.5394060412409476, -0.7689293524093338, -0.0009479238664953865, -0.6393241499954067, 0.9687252996020111, 0.0, 0.0, 0.0, 1.0]
[ 0.44239024924029446, 0.720858604337204, -0.5335166042708906, 1.038612298893911, 0.46126771888579093, -0.6930675056710014, -0.5539640595882381, 0.5512730624462076, -0.769092781003838, -0.0010256886483208504, -0.6391274158192377, 0.9684223503029774, 0.0, 0.0, 0.0, 1.0]
[ 0.43273321775047685, 0.7351969117254906, -0.5217407891839533, 1.0268591392564113, 0.47056444025001765, -0.6778385526906398, -0.5648813100538636, 0.5628118234260943, -0.7689550160631727, -0.0010697554712362782, -0.6392930896338053, 0.9686416780134964, 0.0, 0.0, 0.0, 1.0]
[ 0.4228864224282932, 0.7492009302259768, -0.5097556176330614, 1.0149382125074164, 0.47947588442297767, -0.6623275465262691, -0.5756841364696555, 0.5740818829876909, -0.7689282781142925, -0.0009665206838194264, -0.6393254142521814, 0.9687309824686995, 0.0, 0.0, 0.0, 1.0]
[ 0.4125516648897954, 0.762881467904726, -0.49779363948783245, 1.0029611745379199, 0.48815779532768655, -0.6465224764757218, -0.5862576382663373, 0.5851870822720601, -0.7690798642265174, -0.001140280859388636, -0.6391427650062498, 0.9684307049570432, 0.0, 0.0, 0.0, 1.0]
[ 0.4024639360977668, 0.7762406837365018, -0.4852406220208743, 0.9904441854412898, 0.4967491441201365, -0.6304206462816024, -0.5964877984226942, 0.5958914399238161, -0.7689238030245992, -0.0009780364937031845, -0.6393307790757787, 0.9687365508152831, 0.0, 0.0, 0.0, 1.0]
[ 0.39189747483484777, 0.7892472358258783, -0.4727475221931564, 0.9779621547639288, 0.5051534605882461, -0.614058798552343, -0.6064153693667679, 0.606390634751436, -0.7689064295315771, -0.00115739486451379, -0.6393513744851088, 0.9686735328432639, 0.0, 0.0, 0.0, 1.0]
[ 0.38119369872115594, 0.8019769382848555, -0.45990126508062257, 0.9650679060646722, 0.5132286120517487, -0.5973378271680685, -0.6162564163512172, 0.6167748608741738, -0.7689398563788513, -0.0011214252486061106, -0.6393112353800753, 0.968666134045064, 0.0, 0.0, 0.0, 1.0]
[ 0.3704669616518199, 0.8142982688115592, -0.446830113863223, 0.9520037561179451, 0.5210864160446118, -0.5804291850644427, -0.6257469087165013, 0.6267781886206575, -0.7688978633339144, -0.0010185465785718891, -0.6393619128292847, 0.9687456347322585, 0.0, 0.0, 0.0, 1.0]
[ 0.3594597546091364, 0.8262770904636904, -0.4336348946177193, 0.9388028720329538, 0.5287915791874894, -0.563245738415733, -0.6349190595579105, 0.6364816623833139, -0.7688620796332387, -0.001074631370354128, -0.6394048529531019, 0.9687658275907932, 0.0, 0.0, 0.0, 1.0]
[ 0.3482504309434431, 0.8378918894572418, -0.42028914660644956, 0.9253729590002973, 0.5362202405775245, -0.5458173799303436, -0.6438477843723234, 0.6459096468295227, -0.768875957384477, -0.0011472789357901965, -0.6393880385209538, 0.968750235943934, 0.0, 0.0, 0.0, 1.0]
[ 0.3370586538555232, 0.8490915965985933, -0.40671716975503064, 0.9117465244995506, 0.5434550864112602, -0.528226198124346, -0.6523975736649318, 0.6550634138433806, -0.7687839617317995, -0.0011362666760518442, -0.6394986706026584, 0.9688391103926981, 0.0, 0.0, 0.0, 1.0]
[ 0.32559749126266757, 0.8600199253279952, -0.39285585150836255, 0.8978616662444998, 0.5504419332054145, -0.5102404221427403, -0.6608006837865102, 0.6639567279613735, -0.7687526902416354, -0.0010892895097794333, -0.6395363447396246, 0.9689484882838896, 0.0, 0.0, 0.0, 1.0]
[ 0.3138710717665832, 0.8704888880980217, -0.37910098907224393, 0.8839706043217241, 0.5570547484378504, -0.49216698322966623, -0.6689178048023076, 0.6725823283621222, -0.7688665062623992, -0.0012260577831287123, -0.639399257508881, 0.9687285927837387, 0.0, 0.0, 0.0, 1.0]
[ 0.30227764193934775, 0.880635164768934, -0.3648194664687545, 0.8696584638149107, 0.5635968217005979, -0.47377348296084026, -0.6766733865422303, 0.6808662102521793, -0.7687441685331866, -0.001067856149199786, -0.6395466244386901, 0.9689823540998779, 0.0, 0.0, 0.0, 1.0]
[ 0.29051986915633243, 0.8902590728469801, -0.35074221909894393, 0.8554616695041654, 0.5697644854812981, -0.45543199771346704, -0.6840613150419714, 0.6887548265680133, -0.7687310216264381, -0.0011070562605761667, -0.6395623605283515, 0.9689167571273594, 0.0, 0.0, 0.0, 1.0]
[ 0.27833603253037814, 0.8996614446174032, -0.33633504560219907, 0.8409075816960123, 0.5757860819539862, -0.4365643986019869, -0.6912827649498595, 0.6964880504632229, -0.7687523578659995, -0.0012481359783317058, -0.6395364539907352, 0.9689172147197995, 0.0, 0.0, 0.0, 1.0]
[ 0.2664719129686029, 0.9085942938608852, -0.3216082509007735, 0.8261169702699934, 0.5814822299272504, -0.4176556213625191, -0.6981635408033899, 0.7038780863376431, -0.7686689032209472, -0.0009685086139717763, -0.6396372434790037, 0.969102487330973, 0.0, 0.0, 0.0, 1.0]
[ 0.2538990665442716, 0.9171655008890262, -0.3071241946540481, 0.8114763572945961, 0.5869304867153903, -0.39848018226304255, -0.70478114215684, 0.7110242770749551, -0.7687838543265534, -0.001317278938745469, -0.6394984524752212, 0.9688196096413736, 0.0, 0.0, 0.0, 1.0]
[ 0.2418343158482472, 0.9252600385849148, -0.29221980707316003, 0.7964084907424906, 0.592107681677012, -0.37930652532340103, -0.7110031877427828, 0.7177467822881763, -0.7687037165764795, -0.0010806230324937947, -0.6395952246333036, 0.9690124552396734, 0.0, 0.0, 0.0, 1.0]
[ 0.2292733538304287, 0.9329961371783403, -0.27737008734890095, 0.7814198517693285, 0.5972229248745714, -0.35985726204587076, -0.7168111107190498, 0.7240602229396509, -0.7685956375941887, -0.0013060874217547414, -0.6397246799942808, 0.9691022632206235, 0.0, 0.0, 0.0, 1.0]
[ 0.21683919923015743, 0.9403323227135717, -0.26217924185024166, 0.7660800866051202, 0.6018464424878969, -0.34022728734675844, -0.722507473979592, 0.7302550844613592, -0.7685976634384828, -0.0011237019062032114, -0.639722592368334, 0.9691345464512733, 0.0, 0.0, 0.0, 1.0]
[ 0.2039721920021836, 0.9472832673471195, -0.24704590311140373, 0.7507392006870143, 0.6062669652396336, -0.32036454542632375, -0.7278721536402449, 0.7361562455476471, -0.7686458603610363, -0.0013100912788843618, -0.6396643258076713, 0.9690269799303948, 0.0, 0.0, 0.0, 1.0]
[ 0.19159319216794693, 0.9537526016504846, -0.2315810937899117, 0.7351518202493451, 0.6103996867024517, -0.30055918338947873, -0.7328488840602742, 0.741602725611146, -0.7685603542270791, -0.0009481700217475443, -0.6397677001308201, 0.9692580867957274, 0.0, 0.0, 0.0, 1.0]
[ 0.1784002860378108, 0.959845419855854, -0.21645266657188278, 0.7197502563510287, 0.6142946145271201, -0.2804916876156286, -0.7375349208784656, 0.74679515988919, -0.768632689524595, -0.0013892665275495298, -0.6396799853197822, 0.969013616045941, 0.0, 0.0, 0.0, 1.0]
[ 0.16574377934670034, 0.965497599006374, -0.20081063020036585, 0.7039324407955987, 0.6179790672898601, -0.2603724706535358, -0.7418216704755074, 0.7515665977904182, -0.7685126016537629, -0.0011444386872180652, -0.6398247416374735, 0.9692729566823244, 0.0, 0.0, 0.0, 1.0]
[ 0.15282303089833885, 0.970742157335622, -0.18516531050680693, 0.688126581648942, 0.6213099626978499, -0.24008184104433938, -0.7458727088154424, 0.7560821149221651, -0.7685049110972876, -0.0010585241383899479, -0.6398341269651315, 0.9693023299771265, 0.0, 0.0, 0.0, 1.0]
[ 0.13971653460811806, 0.9755287960970261, -0.16971788183076122, 0.6723927708497063, 0.6243237964144814, -0.21982448845657618, -0.7495922601671594, 0.7602420544844767, -0.7685569816798987, -0.0012284793443828668, -0.6397712748196573, 0.9691557177764957, 0.0, 0.0, 0.0, 1.0]
[ 0.1266983996298896, 0.9799216810809757, -0.15389027693761984, 0.6563313023775676, 0.627145070025525, -0.19933140130995536, -0.752959305670687, 0.7640990029298413, -0.7685163131483368, -0.0011127894913820528, -0.639820339367216, 0.9692961606212078, 0.0, 0.0, 0.0, 1.0]
[ 0.11338235331602553, 0.9838950870718638, -0.1381159431997452, 0.6403298281250709, 0.6298171796010129, -0.1786884503981627, -0.7559050905711, 0.7675898938282607, -0.7684110287711606, -0.0012814957514823968, -0.6399464667319773, 0.9693707799208137, 0.0, 0.0, 0.0, 1.0]
[ 0.10015428178084874, 0.9874194793023414, -0.12228215947813145, 0.6241981121654604, 0.6319036302394029, -0.15805658901204905, -0.7587540759821277, 0.77083020016677, -0.7685360556489426, -0.001278070959463248, -0.6397963157551569, 0.9692001381840789, 0.0, 0.0, 0.0, 1.0]
[ 0.08689369622847783, 0.990518436857889, -0.1063187487339961, 0.608006329476208, 0.6339479978693475, -0.13730392401576255, -0.7610844024783023, 0.7736514467023853, -0.7684661140573521, -0.0012671210227087715, -0.6398803450426361, 0.9692980231655218, 0.0, 0.0, 0.0, 1.0]
[ 0.0737719117400208, 0.993170335609145, -0.09028451330712926, 0.5917347543239521, 0.6356914025411068, -0.11658569220386876, -0.7630833342536429, 0.7761152520062342, -0.7683976136576371, -0.0010989725071096693, -0.6399629142702238, 0.96940967031349, 0.0, 0.0, 0.0, 1.0]
[ 0.06028120085204818, 0.9953888810998279, -0.07448493756580613, 0.5755838952129796, 0.6370033960833129, -0.09581194262978325, -0.7648782620378243, 0.7782966089352881, -0.768487863992249, -0.0013393780452044444, -0.6398540758155841, 0.9692350600438081, 0.0, 0.0, 0.0, 1.0]
[ 0.04715521478950967, 0.997177100831896, -0.05826686503201547, 0.5591121682114347, 0.6383317249218199, -0.07494955482848262, -0.7660987011301095, 0.7800159673791977, -0.7683031573394046, -0.0010680396599186536, -0.6400763646363615, 0.9695809776343329, 0.0, 0.0, 0.0, 1.0]
[ 0.03363354582776091, 0.998524536709834, -0.0424065526519414, 0.5429307755673902, 0.6390861377407746, -0.05410928174310621, -0.7672243310080086, 0.7815368592802621, -0.7683869077774816, -0.0012969652520989205, -0.6399753981220624, 0.9693656033345196, 0.0, 0.0, 0.0, 1.0]
[ 0.020283025970025074, 0.9994402207239428, -0.026241269324274407, 0.526443699266992, 0.6396962342157454, -0.03314401460741964, -0.7679077433772421, 0.7826565115950254, -0.7683476255503767, -0.0012109484662754882, -0.6400227288507201, 0.9694624069374171, 0.0, 0.0, 0.0, 1.0]
[ 0.006926203006129139, 0.9999168110995423, -0.00995727887241325, 0.5099181473339799, 0.6400237791848589, -0.012083521292680423, -0.7682549452966365, 0.783468004774439, -0.7683113540037381, -0.0010518055427322383, -0.6400665524964723, 0.9695694513716964, 0.0, 0.0, 0.0, 1.0]
[ -0.006671171792318892, 0.999950095644418, 0.006004105504197728, 0.49354019439077607, 0.6401059031967444, 0.00888314608811328, -0.7682301947058058, 0.7838882428565082, -0.7682451920193225, -0.0012817322282759485, -0.6401455449031683, 0.9695646159898605, 0.0, 0.0, 0.0, 1.0]
[ -0.020091415929054883, 0.9995450535663264, 0.022063027222761645, 0.4771368303707912, 0.6397430424055683, 0.029811103050637045, -0.768005365103775, 0.7840777653613616, -0.7683136869800259, -0.0013156470658792084, -0.6400632640619088, 0.9694630668383771, 0.0, 0.0, 0.0, 1.0]
[ -0.033278229542697824, 0.9986993373019663, 0.03837927007553488, 0.46054949852939825, 0.6392516958197598, 0.050787586396940934, -0.7673134776655489, 0.7838045303260666, -0.7682646521422634, -0.001000820560849573, -0.6401226902877842, 0.9696421087312093, 0.0, 0.0, 0.0, 1.0]
[ -0.04684145988909552, 0.9974193312627276, 0.05423429533377352, 0.4442861132607955, 0.6383865093720551, 0.07165052630288848, -0.7663686589241581, 0.7832293544074275, -0.7682768310891781, -0.0012753843108750818, -0.6401075845734345, 0.9695038960815976, 0.0, 0.0, 0.0, 1.0]
[ -0.060085492809574946, 0.9956916746076978, 0.07048875962988418, 0.42770351113334465, 0.6373292558313781, 0.09261615726681287, -0.7650004453486404, 0.782279379435831, -0.7682329725522463, -0.0010408800389264772, -0.6401606465428987, 0.9696682682676089, 0.0, 0.0, 0.0, 1.0]
[ -0.07342901184880696, 0.9935532865646508, 0.08626086678091549, 0.4115414215142454, 0.6360036949165725, 0.11327489993178863, -0.7633217290309865, 0.7809782449021158, -0.7681720036375859, -0.001187730286099581, -0.6402335518007084, 0.969658561409263, 0.0, 0.0, 0.0, 1.0]
[ -0.0867375542184017, 0.9909592067929506, 0.10226140718262577, 0.3951427216518121, 0.6342865417508025, 0.1340865854491049, -0.761375911327363, 0.7793666149040048, -0.7682043520725625, -0.0011768500729037535, -0.6401947565010638, 0.9696461800117617, 0.0, 0.0, 0.0, 1.0]
[ -0.09995734694752778, 0.9879240511319994, 0.11830306144096114, 0.3787716294739809, 0.6324101504050709, 0.1548732149738565, -0.7589884892786571, 0.7773699676774297, -0.7681449585573386, -0.001050418872748296, -0.640266240556378, 0.9697658910342045, 0.0, 0.0, 0.0, 1.0]
[ -0.1133095348960524, 0.9844660772927598, 0.1340469500346543, 0.362584450696456, 0.6300874867665531, 0.17551561318337808, -0.7564230242445836, 0.7751079961703703, -0.7682001400826852, -0.0012486352057621023, -0.6401996747727109, 0.9696299647285719, 0.0, 0.0, 0.0, 1.0]
[ -0.12640568107298214, 0.9805896392932136, 0.14982236873655935, 0.34641228131240587, 0.6276519383021495, 0.19601854412985478, -0.7534065636001785, 0.7724432531224702, -0.7681506330396654, -0.001198569658214772, -0.640259172328157, 0.9697009185188481, 0.0, 0.0, 0.0, 1.0]
[ -0.13943363965053795, 0.9762582585651711, 0.16570862468760442, 0.3301492655835916, 0.6250052317905486, 0.21656304827665368, -0.7499736544466133, 0.7694194069208655, -0.7680543387478876, -0.0010027988989370824, -0.6403750224205614, 0.9698758070808393, 0.0, 0.0, 0.0, 1.0]
[ -0.1528061664888654, 0.971446946069216, 0.18144554890346073, 0.3139343181590714, 0.6217825335015513, 0.23721309892061831, -0.7463966101795398, 0.7662514864970444, -0.7681259684560714, -0.0012343315920462245, -0.640288695117768, 0.9696975167205368, 0.0, 0.0, 0.0, 1.0]
[ -0.16555699174317345, 0.9662616309957031, 0.19725830529007018, 0.2977819695183609, 0.6186056598018735, 0.25752369990131946, -0.7422936999649488, 0.7625178332586959, -0.7680486098205294, -0.00086680786074322, -0.6403820921812506, 0.9699261554104138, 0.0, 0.0, 0.0, 1.0]
[ -0.1787136702131541, 0.9606691177706358, 0.21250385072085548, 0.2820470734901793, 0.6148878361312607, 0.2776581416226717, -0.7381125534450329, 0.7585699096772927, -0.7680853598122854, -0.0012447705172574262, -0.6403373890970774, 0.9697330791148745, 0.0, 0.0, 0.0, 1.0]
[ -0.19142259816460494, 0.9546828705758299, 0.2278590618306174, 0.2662420831669004, 0.6112246786628333, 0.2975905394936008, -0.7333725962265335, 0.7541650500107001, -0.7679469565058753, -0.0011110059445710587, -0.6405036167311038, 0.9699159980538611, 0.0, 0.0, 0.0, 1.0]
[ -0.2042041818483805, 0.9481989988305829, 0.24331296192357954, 0.25039728804709, 0.6070194062343578, 0.31764491858333305, -0.7284367571283493, 0.7495414315850983, -0.7679901298009822, -0.0010541423417077254, -0.6404519446643198, 0.9699316321624135, 0.0, 0.0, 0.0, 1.0]
[ -0.21705480061888716, 0.9412933955550475, 0.25852657641697985, 0.23469392649156434, 0.6025247137056315, 0.3375589442999004, -0.7231934353527603, 0.7445969616177534, -0.7680051626151025, -0.0012039554784434839, -0.6404336533543412, 0.9698374900356024, 0.0, 0.0, 0.0, 1.0]
[ -0.22942645867957367, 0.9340295077881905, 0.27374179122405545, 0.219077519734522, 0.5980269350989313, 0.3571677561756597, -0.7174856353715776, 0.7392431498913378, -0.7679244961942134, -0.0009052240625516144, -0.6405308694925554, 0.9700166141840209, 0.0, 0.0, 0.0, 1.0]
[ -0.24216434830679778, 0.9263268392747442, 0.2885435237739536, 0.2037477489680719, 0.5929521629772344, 0.37669319553941083, -0.7116884623623407, 0.7336611915690592, -0.7679485059110224, -0.001253066150604435, -0.6405014968198257, 0.9698575580957507, 0.0, 0.0, 0.0, 1.0]
[ -0.2542944420855505, 0.9182710636042565, 0.303471762259646, 0.18838967122442135, 0.5880049229409124, 0.3959269622856428, -0.7053243056290189, 0.7275881229683334, -0.7678315532868251, -0.0009171606070835437, -0.6406422663233885, 0.9701116390679052, 0.0, 0.0, 0.0, 1.0]
[ -0.2666138707616043, 0.909738408612052, 0.31823854038615695, 0.17317255255856173, 0.5824186991028413, 0.41515757535678266, -0.6988725184987635, 0.7213618665499781, -0.7679103136135605, -0.000981030629773735, -0.6405477611389208, 0.9700088679004791, 0.0, 0.0, 0.0, 1.0]
[ -0.27876372431699353, 0.9008466333901175, 0.3327897358354308, 0.15813012532477233, 0.5767250030718964, 0.43411417090899546, -0.6920427191316777, 0.7147503010990621, -0.7678930939511363, -0.0009882443496210874, -0.6405683933971595, 0.9700264893068913, 0.0, 0.0, 0.0, 1.0]
[ -0.2906266308399251, 0.8915850883625925, 0.3472682830172839, 0.14322882829310485, 0.5709242001747223, 0.4528313092280823, -0.6848205160774187, 0.707798189932965, -0.7678297115915063, -0.0007632125899469007, -0.6406446755961417, 0.9701595737770322, 0.0, 0.0, 0.0, 1.0]
[ -0.3026756753545051, 0.8819028741778363, 0.3614111478197291, 0.12852508957790243, 0.5646333815166314, 0.4714096898389694, -0.6774596902734064, 0.7006056234147202, -0.767826365089788, -0.0009857707676964097, -0.6406483827235392, 0.9700927434494616, 0.0, 0.0, 0.0, 1.0]
[ -0.3142837743081659, 0.8718565590335773, 0.37559993705388856, 0.11389923288952078, 0.5583455857191805, 0.4897410996473325, -0.6696217156609562, 0.6930426965470228, -0.7677608110705622, -0.0007366733061940184, -0.6407272783332955, 0.9702266686585302, 0.0, 0.0, 0.0, 1.0]
[ -0.3261453492260418, 0.8613479384153293, 0.38947735187023946, 0.0994683468261315, 0.5514471939186497, 0.5079954842497727, -0.6616915874464301, 0.6853002059030523, -0.7677994206813903, -0.00103144108394001, -0.6406806033295912, 0.9700711513323966, 0.0, 0.0, 0.0, 1.0]
[ -0.3374532464786425, 0.8505004601492964, 0.40343296125489103, 0.08510677180749857, 0.5445558115281596, 0.5259554350287199, -0.6533137171226687, 0.6771297594274781, -0.7678313756764179, -0.0007710711987083573, -0.6406426716918496, 0.9701722857492882, 0.0, 0.0, 0.0, 1.0]
[ -0.34887756034013867, 0.8393765311260815, 0.4167920085009536, 0.07115654263121146, 0.5374450183246425, 0.5435318791089165, -0.6447594120039963, 0.668702394204209, -0.7677356622369094, -0.0009393020199370622, -0.6407571476636073, 0.9701449525512796, 0.0, 0.0, 0.0, 1.0]
[ -0.35997577228880967, 0.8277747480745292, 0.4303379163072941, 0.05715870261001697, 0.530031933520811, 0.5610428555549262, -0.6358345652216942, 0.6599534891965148, -0.7677658104620667, -0.0007922008159268263, -0.6407212213261205, 0.9701963765557189, 0.0, 0.0, 0.0, 1.0]
[ -0.3711406877679754, 0.8158618043961946, 0.44340572643713505, 0.04353283139403907, 0.5224180036221594, 0.5782295205802341, -0.6266724495041733, 0.6509442295395526, -0.7676683960381332, -0.0009405095142992325, -0.6408377351523518, 0.9702425904781641, 0.0, 0.0, 0.0, 1.0]
[ -0.38195220482436715, 0.8034979650025472, 0.45660518439184156, 0.029866578557294625, 0.5145189400934639, 0.5952908003346742, -0.6171605978043048, 0.641613987626807, -0.7677001500690953, -0.0007938355476077516, -0.6407998924034909, 0.9702612496296834, 0.0, 0.0, 0.0, 1.0]
[ -0.39257153156037417, 0.7909112757483693, 0.46939528701954186, 0.016565865152764873, 0.5064487497115455, 0.611914633304692, -0.6075014385781305, 0.6320305033174064, -0.7677095827363124, -0.0007631139362084165, -0.6407886286829253, 0.9702489029431742, 0.0, 0.0, 0.0, 1.0]
[ -0.40307687067008563, 0.7779194559482365, 0.4820327549597589, 0.003419742194819546, 0.49817680284284993, 0.6283482993357276, -0.5974829770105035, 0.6221313066215158, -0.7676780942174236, -0.0006940319206569768, -0.6408264315152514, 0.9703039455229485, 0.0, 0.0, 0.0, 1.0]
[ -0.4135361640021804, 0.7645340666626678, 0.49442992982498596, -0.0095067294154146, 0.48954725009213323, 0.6445678892231591, -0.5872504684497226, 0.6120441698584166, -0.7676666450294691, -0.0008024935221133539, -0.6408400204410153, 0.9702812259854666, 0.0, 0.0, 0.0, 1.0]
[ -0.42361661620699864, 0.7508838668977895, 0.5066636657912233, -0.022240148164916398, 0.4808367463225304, 0.6604193238155063, -0.576740401885194, 0.6015992896098832, -0.7676755387274649, -0.0006943089375726734, -0.6408294926111817, 0.9703243645090887, 0.0, 0.0, 0.0, 1.0]
[ -0.4335518056862297, 0.7370566999581598, 0.5184266334939894, -0.034569596974773256, 0.47211715599114035, 0.6758163686282949, -0.5660075457308705, 0.5909021406938177, -0.7675408586559124, -0.0006354856884065982, -0.6409908609799405, 0.9703911967604242, 0.0, 0.0, 0.0, 1.0]
[ -0.4432688633520145, 0.7226546887549874, 0.5303480723125102, -0.046979638948309095, 0.46286862674710444, 0.6911951093421393, -0.5549672349170908, 0.5799883106147319, -0.7676236682496647, -0.0005182114900434263, -0.6408917930219445, 0.9703855273411048, 0.0, 0.0, 0.0, 1.0]
[ -0.45298197616186453, 0.7080077924140442, 0.5417736549511145, -0.05896514838814015, 0.4534048201396043, 0.7061906582860974, -0.5437878845353934, 0.568814623647719, -0.7676015537033998, -0.0006833239702362886, -0.6409181253743977, 0.9703356545594994, 0.0, 0.0, 0.0, 1.0]
[ -0.46222558235363714, 0.6930049087260618, 0.5532434792722745, -0.07087278222797747, 0.4438006700723422, 0.7209193423905673, -0.5322616540406722, 0.5573648061685409, -0.7677038642356763, -0.0004951261892704737, -0.6407957430262753, 0.9703646793417406, 0.0, 0.0, 0.0, 1.0]
[ -0.47165998076660537, 0.6777589520290862, 0.5640625302931214, -0.0823183098042235, 0.4340068004183702, 0.7352707113139229, -0.5205776049597067, 0.5457167115518147, -0.7675647898614572, -0.0007286491344132137, -0.64096210428834, 0.9703488243685744, 0.0, 0.0, 0.0, 1.0]
[ -0.4803923502753463, 0.662240668577918, 0.5750196514646341, -0.09371746084107256, 0.42409257447039006, 0.749278191950047, -0.5086387787842592, 0.5337799434708571, -0.7676909697119108, -0.00048461402064926986, -0.6408111992984735, 0.9703838471491554, 0.0, 0.0, 0.0, 1.0]
[ -0.4895411020329068, 0.6461969568692635, 0.5854625082521427, -0.10479405122097463, 0.41355479961456043, 0.7631574734320059, -0.49653659702608893, 0.521704954013031, -0.7676605265593485, -0.0009542426257681277, -0.6408471418714927, 0.9702484348073018, 0.0, 0.0, 0.0, 1.0]
[ -0.49773654610126783, 0.63022221503675, 0.5958740415296666, -0.11562130956109085, 0.4035694515811455, 0.7764022770969792, -0.48406245473934634, 0.5092556912927184, -0.7677048751485707, -0.00045901416769528517, -0.6407945587649911, 0.9703708027361256, 0.0, 0.0, 0.0, 1.0]
[ -0.5062694631638963, 0.6136777083414026, 0.6058702132111811, -0.12619714577928354, 0.3927983495250689, 0.7895441059229751, -0.47150247990717553, 0.4967021968076943, -0.7677118171419078, -0.0007224876072980645, -0.6407859987428107, 0.970288208448052, 0.0, 0.0, 0.0, 1.0]
[ -0.5143667357467864, 0.597204688858988, 0.6154359917936641, -0.13630320975532792, 0.38234025676879324, 0.8020765889423754, -0.4587743156498732, 0.48389998278229746, -0.7676089734444076, -0.0006722920581445608, -0.6409092504441947, 0.9703561757772373, 0.0, 0.0, 0.0, 1.0]
[ -0.5222301488384377, 0.5800429993988673, 0.6251512311237161, -0.14649534624739602, 0.3713029958680567, 0.8145738169278467, -0.44563230624981526, 0.470858334881192, -0.7677177240397653, -0.0006021006332174225, -0.6407790460454937, 0.9703273774968187, 0.0, 0.0, 0.0, 1.0]
[ -0.5299916321786362, 0.5630269722212743, 0.634111967167821, -0.1560374837544905, 0.36041974499166723, 0.8264265739488785, -0.43255181709009044, 0.4576216064969338, -0.7675853204315302, -0.0007023700386214605, -0.6409375465882907, 0.9703623097745202, 0.0, 0.0, 0.0, 1.0]
[ -0.5372447725958096, 0.5455533310583977, 0.643217171523877, -0.16560451679781996, 0.34928209014906575, 0.8380644793598832, -0.419087196580637, 0.4441639991486227, -0.7676918800669869, -0.00048816753514969926, -0.6408101059744654, 0.9703775041901673, 0.0, 0.0, 0.0, 1.0]
[ -0.5445045108206893, 0.5277692720863043, 0.6518921397748343, -0.17485084706776136, 0.33783618917657493, 0.8493762647748309, -0.4054757482688702, 0.43054728283039007, -0.767699351230532, -0.0005506177051010189, -0.6408011046070283, 0.9703319979407187, 0.0, 0.0, 0.0, 1.0]
[ -0.5515121866679504, 0.5100253110303714, 0.6600739545655049, -0.18358471065943655, 0.32649956673090413, 0.8601480044494495, -0.39182540262300714, 0.41674416382220403, -0.7676021676509754, -0.0005826244166729095, -0.6409174895129436, 0.970367774900152, 0.0, 0.0, 0.0, 1.0]
[ -0.5581351219077816, 0.4916432840907971, 0.6684021359513119, -0.19235385091884621, 0.31469860604445105, 0.8707855062280488, -0.37773123176035195, 0.40266053303927585, -0.7677439156045938, -0.00047984662592905503, -0.6407477672286743, 0.9703652288120754, 0.0, 0.0, 0.0, 1.0]
[ -0.56473654711725, 0.47347988688839543, 0.6759282301394403, -0.2004550923883231, 0.30299036188303313, 0.8807934409694056, -0.3638448166958314, 0.38858325129376053, -0.7676263543269491, -0.000676726410405569, -0.6408884279374538, 0.9703760916410141, 0.0, 0.0, 0.0, 1.0]
[ -0.5710352867329568, 0.45471283409639746, 0.6834798319612129, -0.2085585218136148, 0.29091268055650626, 0.8906269975019365, -0.3494802741481858, 0.37419332115474624, -0.7676387565114509, -0.0007326185335746197, -0.6408735111420827, 0.9703374631038156, 0.0, 0.0, 0.0, 1.0]
