[-0.5703439413732733, -0.4544478014291258, 0.6842329610818674, 0.4026007467372734, -0.2910045091213242, 0.8907625618932875, 0.3490580563867906, -0.06188661504756639, -0.7681177716412148, -3.1729316522458865e-05, -0.640299717507837, 0.397820274980344, 0.0, 0.0, 0.0, 1.0]
[-0.5650183179448396, -0.47227129515623056, 0.676538013177146, 0.40368638898168796, -0.3025678377556885, 0.8814423035983993, 0.36262301027243976, -0.0635705632938011, -0.7675856635215641, 0.0001899995056895756, -0.6409374923869515, 0.3973996877916507, 0.0, 0.0, 0.0, 1.0]
[-0.5585908548992082, -0.4908407003464848, 0.6686112603990654, 0.40502411895960116, -0.3145553370724654, 0.8712382720163476, 0.3768053791993077, -0.06507915280190024, -0.7674711353812649, 0.0001647985122875358, -0.64107463580619, 0.39736658230104466, 0.0, 0.0, 0.0, 1.0]
[-0.5521030408172384, -0.5087511591524299, 0.6605631220782767, 0.40637661668289055, -0.32597911467025054, 0.8609023762745766, 0.3906000507415047, -0.06672203799420146, -0.7673985900562801, 0.0003216940388591049, -0.6411614165800478, 0.3972964972527258, 0.0, 0.0, 0.0, 1.0]
[-0.5451580149775647, -0.5267772289504298, 0.6521483151550534, 0.40778441003617444, -0.3375063448235186, 0.8499919681943651, 0.4044589196286293, -0.06819833633171249, -0.7673805788595369, 0.00038982763391570246, -0.6411829359654444, 0.3972864025671203, 0.0, 0.0, 0.0, 1.0]
[-0.5379880945797101, -0.5443006747011454, 0.6436569808219582, 0.409249196312163, -0.34867874515795017, 0.8388786203041034, 0.4179592124776481, -0.06971155552316928, -0.7674455613701721, 0.00042757194773094214, -0.6411051300248858, 0.3973228067891444, 0.0, 0.0, 0.0, 1.0]
[-0.5307444326762281, -0.561749941968198, 0.6346147261892399, 0.4106918831471516, -0.35966655813841314, 0.8272950790989607, 0.43151726619151004, -0.07115308402374163, -0.7674184393414485, 0.0007756923223744744, -0.6411372694535561, 0.3972104932344064, 0.0, 0.0, 0.0, 1.0]
[-0.5230106428231197, -0.5789439270940804, 0.625517447299266, 0.4122057972544965, -0.37060928436997564, 0.8153551574536906, 0.44478003696248153, -0.0725485591123538, -0.7675215780248328, 0.000802119542123639, -0.6410137610409495, 0.39725189172375974, 0.0, 0.0, 0.0, 1.0]
[-0.5150623012158535, -0.5957236554586308, 0.6162890650145253, 0.41375990439300786, -0.3812288560805235, 0.8031770521405281, 0.45777282980673584, -0.07399668133345311, -0.7676953380469191, 0.0008343518839277524, -0.6408056059635056, 0.39734518435245986, 0.0, 0.0, 0.0, 1.0]
[-0.5070686958451097, -0.612496824825949, 0.606396573094894, 0.41530879043886226, -0.39183428612386173, 0.790460096745102, 0.4707693081717691, -0.07526972161765244, -0.7676770003152052, 0.0011054108119694316, -0.6408271643916501, 0.3972475879848293, 0.0, 0.0, 0.0, 1.0]
[-0.49866190003785255, -0.6287840313592143, 0.5966192684515365, 0.4169126956263, -0.4023427068060438, 0.777567072525766, 0.48321324113470615, -0.07669155996713574, -0.767748267749158, 0.0009146215462487368, -0.6407420792366034, 0.39732401957825475, 0.0, 0.0, 0.0, 1.0]
[-0.49024782812106504, -0.6450058937887313, 0.5861841233725358, 0.4185171207240585, -0.41262159059167985, 0.7641640943081293, 0.49576419688884227, -0.07791957548859638, -0.7677116886575189, 0.001175095419373719, -0.6407854825049745, 0.39723477977817434, 0.0, 0.0, 0.0, 1.0]
[-0.48149339100128513, -0.6607685983562261, 0.5757917191545923, 0.42016343880208235, -0.4226738001115394, 0.7505759195438803, 0.5079058586900554, -0.07922163130757248, -0.767783641413753, 0.0011812402022664155, -0.6406992546127368, 0.39727793336280504, 0.0, 0.0, 0.0, 1.0]
[-0.4726865044397039, -0.6763475205142475, 0.5648967965402032, 0.4218576013775186, -0.4326465261825381, 0.7365683880123991, 0.5198749307267382, -0.08041421602913798, -0.7677012431955313, 0.0013372270762921543, -0.6407976791940536, 0.39720697765560764, 0.0, 0.0, 0.0, 1.0]
[-0.4633775709749787, -0.6915067195151237, 0.5541537177062568, 0.42353169753990066, -0.442351840729732, 0.7223557643544156, 0.5315196937672507, -0.08166035471829872, -0.7678455721182188, 0.00116338754864618, -0.6406250637384572, 0.39727018194350383, 0.0, 0.0, 0.0, 1.0]
[-0.4539131437417207, -0.7065627116787636, 0.542879741330988, 0.4252869025686065, -0.45197741877327635, 0.7076358951654141, 0.5430969328559687, -0.08281206020259065, -0.7678932333070547, 0.0011494519580550761, -0.6405679573431996, 0.39731705463552075, 0.0, 0.0, 0.0, 1.0]
[-0.44454551147792126, -0.7212073075704858, 0.5312489890326201, 0.42700605301735767, -0.46124822274284133, 0.6927039124951072, 0.5544348761544728, -0.08387762316001457, -0.7678607374665095, 0.0014338835760608747, -0.6406063375860352, 0.39723571289489235, 0.0, 0.0, 0.0, 1.0]
[-0.4345913101408205, -0.7355404819231561, 0.5197081293369453, 0.428824865413369, -0.4704638523820471, 0.6774654672590418, 0.565412421353578, -0.08497238900707163, -0.7679680355673257, 0.0012194363238184989, -0.6404781448887831, 0.39734714812074107, 0.0, 0.0, 0.0, 1.0]
[-0.424706416783559, -0.749545157629795, 0.5077324358527889, 0.43059657772887755, -0.4793233681452125, 0.6619372461840412, 0.5762597775696168, -0.08601057853540317, -0.7680197362008395, 0.0013732039985509023, -0.6404158354837967, 0.3972775819169914, 0.0, 0.0, 0.0, 1.0]
[-0.4143591855965002, -0.7633034854748009, 0.49564072773139184, 0.4324496344594157, -0.4882530466651534, 0.6460242151009143, 0.5867274074795152, -0.08701041436663112, -0.7680469872574262, 0.001117795364171806, -0.6403836493277003, 0.397390469936005, 0.0, 0.0, 0.0, 1.0]
[-0.404229766519729, -0.7766484564303094, 0.4831156296084711, 0.43423171374992753, -0.4967626458992694, 0.6299175668629611, 0.5970078237806898, -0.08798951421578885, -0.7679882267325265, 0.0013345347777243236, -0.6404537038480262, 0.39725629996834444, 0.0, 0.0, 0.0, 1.0]
[-0.3935552188287574, -0.7896073332804752, 0.47076486989461047, 0.43614277856941486, -0.5050793292506578, 0.6135958046776081, 0.6069455486773928, -0.08894102195268673, -0.7681080052945438, 0.0010929835057284646, -0.6403105014083474, 0.3974152898026961, 0.0, 0.0, 0.0, 1.0]
[-0.38306084878353247, -0.8023374969168237, 0.45771574985713015, 0.43798188310944236, -0.5132057936337615, 0.5968529714302674, 0.6167450155153129, -0.08983095979749342, -0.7680266573571447, 0.001348494462207868, -0.6404075875329255, 0.39729590363737355, 0.0, 0.0, 0.0, 1.0]
[-0.372007680280982, -0.8146572460848914, 0.4448914641234154, 0.4399188797995755, -0.5210926267369842, 0.5799250407661664, 0.626209005221218, -0.0906612856923185, -0.7681494041353679, 0.0011248977504732637, -0.640260780409027, 0.39742138978634084, 0.0, 0.0, 0.0, 1.0]
[-0.3612236106939983, -0.8265965032080896, 0.4315553922276556, 0.44178616751160216, -0.5285841412756367, 0.5627760420353609, 0.6355080288728728, -0.09143918933111919, -0.7681777499838801, 0.0014471684009589182, -0.6402261230825794, 0.39731454539638966, 0.0, 0.0, 0.0, 1.0]
[-0.3498017177748753, -0.8382683662488828, 0.4182451663977388, 0.44374150984785754, -0.5361768277856623, 0.5452390037928618, 0.6443737884294741, -0.09220333495951691, -0.7682017407482613, 0.0011496915259081128, -0.6401979393671736, 0.39743262047174993, 0.0, 0.0, 0.0, 1.0]
[-0.33858980571196756, -0.8495717298963584, 0.4044362932956007, 0.4456741475721178, -0.5433459583743108, 0.5274530253058753, 0.6531136463645723, -0.09286863595876853, -0.7681880368031271, 0.0013887972483630107, -0.6402139092504063, 0.3973013101653334, 0.0, 0.0, 0.0, 1.0]
[-0.32712226160856916, -0.860388386923306, 0.39077683731619683, 0.4476307752759689, -0.5502831004841009, 0.5096183032865114, 0.6614127786571233, -0.09359258507278936, -0.7682189025160134, 0.0013249543753983172, -0.6401770064960268, 0.3973533180606224, 0.0, 0.0, 0.0, 1.0]
[-0.31567072726690204, -0.8708022725952086, 0.3768804526365318, 0.44961358263155554, -0.5568911158811356, 0.49161168777139314, 0.6694621791010508, -0.0942874393980409, -0.7682480223864276, 0.0014482371319680283, -0.6401417930222613, 0.3973102808827478, 0.0, 0.0, 0.0, 1.0]
[-0.3038123871385855, -0.8808796559486917, 0.3629495120729508, 0.45161060788324636, -0.5633532902894797, 0.4733182464702244, 0.6771945688692278, -0.09489809585884994, -0.7683175454474407, 0.0012712966901871918, -0.6400587219779353, 0.3973782882896202, 0.0, 0.0, 0.0, 1.0]
[-0.2920634745868726, -0.8905995413170125, 0.34858925722041145, 0.45360946247892364, -0.5695957479191582, 0.45476502731136914, 0.6846453282326027, -0.09548702128384445, -0.7682710183690821, 0.0014049347402397129, -0.6401142900137393, 0.39733038738909526, 0.0, 0.0, 0.0, 1.0]
[-0.27981937379709443, -0.8999995692965952, 0.334192744525159, 0.4556200330084319, -0.57568762023389, 0.43586707465059804, 0.6918046100282911, -0.09598900387061687, -0.7682874649884968, 0.00118970697293852, -0.6400949859593853, 0.3973739947213772, 0.0, 0.0, 0.0, 1.0]
[-0.26765277435741663, -0.9089578038871298, 0.31959414348858556, 0.45765722011398097, -0.5814326649746288, 0.4168633633212432, 0.6986781360142098, -0.09645833610307578, -0.7682960336878535, 0.0011806669282195892, -0.6400847175987775, 0.39738468609757654, 0.0, 0.0, 0.0, 1.0]
[-0.25549784974663353, -0.9174359412886403, 0.30498308170898125, 0.45967714397374265, -0.5868199362149594, 0.39785747256047876, 0.7052248692910402, -0.09690496284945689, -0.7683384398406252, 0.0012132851366052119, -0.6400337519261997, 0.397399152066092, 0.0, 0.0, 0.0, 1.0]
[-0.2432396198760781, -0.9255136162751433, 0.2902436945414932, 0.4617265963582296, -0.5919422784167094, 0.37868684870923003, 0.7114710832395197, -0.0973510445433913, -0.7683876451678437, 0.0012504419970274998, -0.6399746053500003, 0.39739236230345465, 0.0, 0.0, 0.0, 1.0]
[-0.23078879777373212, -0.933258603089691, 0.27522193925838623, 0.46374709745828857, -0.5969015733227739, 0.3591760808516675, 0.7174201774555838, -0.09771807645925878, -0.7683916901477793, 0.0012921316973160785, -0.639969665789287, 0.3973831642868576, 0.0, 0.0, 0.0, 1.0]
[-0.21822954269974346, -0.9405674298967731, 0.26017460804202375, 0.46580533974766775, -0.6016077397883849, 0.3395763097316879, 0.7230123572208389, -0.09805811332717085, -0.768391007899611, 0.0012595981880764552, -0.6399705498194002, 0.3973589863492205, 0.0, 0.0, 0.0, 1.0]
[-0.205725198399941, -0.947360545625019, 0.24528971572333458, 0.46787126549900926, -0.6059238201185546, 0.3201364044273315, 0.7282581717682832, -0.09848002036724571, -0.7684492265969503, 0.0011941752865311172, -0.6399007662232353, 0.39740762641108984, 0.0, 0.0, 0.0, 1.0]
[-0.19299925899098652, -0.9538957033079897, 0.22981739928271852, 0.4699214777607458, -0.6100988384861111, 0.3001033353100225, 0.7332860934653536, -0.0986051103881336, -0.7684474218891206, 0.0013123443009232458, -0.6399027020705945, 0.3973334573052767, 0.0, 0.0, 0.0, 1.0]
[-0.17995572278576696, -0.9599890698965393, 0.21451936140323255, 0.4720410578448807, -0.6139902151399439, 0.28000097233438637, 0.7379747309170391, -0.09879326484212336, -0.768513305317654, 0.0010899872401533715, -0.6398239915094408, 0.39741901068461555, 0.0, 0.0, 0.0, 1.0]
[-0.1672301876795844, -0.9656369578538465, 0.19889906617518383, 0.47405657952520613, -0.6176281373003953, 0.25985448271443207, 0.7422954177647796, -0.09891343237850224, -0.7684727029925679, 0.0012885422739327675, -0.6398723890277274, 0.3973762734919215, 0.0, 0.0, 0.0, 1.0]
[-0.15425585232371783, -0.9708695846362752, 0.18329968748969705, 0.47615383275564643, -0.620899474021537, 0.23956470202536995, 0.746380646318688, -0.09901084849294042, -0.768550403086792, 0.0013229032051516173, -0.6397789894698614, 0.39733597345330984, 0.0, 0.0, 0.0, 1.0]
[-0.1410598364614722, -0.9756968809258255, 0.16762758419557403, 0.4782525342337533, -0.6240570430054584, 0.21907744409388885, 0.7500329714659725, -0.09902777803951418, -0.7685282535560775, 0.0011903537764635086, -0.6398058570618743, 0.39740020244588226, 0.0, 0.0, 0.0, 1.0]
[-0.12807279137745578, -0.9800451276158284, 0.1519542674702958, 0.4803428828447844, -0.6267527184978462, 0.1987226999510186, 0.7534467432529492, -0.099064040715598, -0.7686085719438435, 0.0012582773383017901, -0.6397092352616852, 0.39733269031103496, 0.0, 0.0, 0.0, 1.0]
[-0.11481935435958407, -0.983976610684762, 0.13633653311145663, 0.4824052635279243, -0.6293811937817041, 0.17824056109032146, 0.756373834106959, -0.09912074665187762, -0.7685548618540993, 0.0010387053208967642, -0.6397741576661933, 0.39743854549558766, 0.0, 0.0, 0.0, 1.0]
[-0.10192988770408747, -0.9874500669463568, 0.12055575473632597, 0.48442000160869214, -0.6315847753834782, 0.157865766295239, 0.7590592278027475, -0.09918412999408077, -0.7685647119128238, 0.0012296425743572302, -0.6397619859662277, 0.39734820796503884, 0.0, 0.0, 0.0, 1.0]
[-0.08852289219520164, -0.990546859489457, 0.1046975389321954, 0.48651116508834713, -0.6335591451917133, 0.13710038026438676, 0.7614448142108764, -0.0990396941869912, -0.7686008417914661, 0.0010732139314270554, -0.6397188603229587, 0.39739016777351394, 0.0, 0.0, 0.0, 1.0]
[-0.07525815276291077, -0.9931937799870949, 0.08878752454803866, 0.48861710540598136, -0.6352180067360013, 0.11638615503736419, 0.76350790252603, -0.09889006673601455, -0.768644938357278, 0.0010607599975648548, -0.6396658958119728, 0.3973927401052646, 0.0, 0.0, 0.0, 1.0]
[-0.061967152153077174, -0.9954021674739055, 0.0729071072139694, 0.49067855037782726, -0.6366455840449115, 0.0956779505251854, 0.7651928842311041, -0.09869928247708085, -0.7686502580962029, 0.0010008360303383175, -0.6396595998183524, 0.3974112953600131, 0.0, 0.0, 0.0, 1.0]
[-0.048743940390387874, -0.9971875896800012, 0.056760445675242764, 0.492725826722244, -0.6378093012755164, 0.07480846990481582, 0.7665474857852277, -0.09850101776716187, -0.7686378018175167, 0.0011622047573033808, -0.6396742951245531, 0.3973444200962289, 0.0, 0.0, 0.0, 1.0]
[-0.035212980897349526, -0.9985393022235277, 0.040744162211237986, 0.4947717655674517, -0.6386529118039599, 0.053842290717738335, 0.7676037761118222, -0.09818990646468664, -0.7686762980096722, 0.0010082392697389716, -0.6396282952970229, 0.3974232901032753, 0.0, 0.0, 0.0, 1.0]
[-0.02199079074241295, -0.9994460347802195, 0.024592422203924012, 0.4968043826484112, -0.6391850467719514, 0.03296944640479871, 0.7683408127314717, -0.09787278454794864, -0.7687259771900973, 0.0011773134949824972, -0.6395682983554496, 0.3973186273992971, 0.0, 0.0, 0.0, 1.0]
[-0.008419017260569267, -0.9999164412220704, 0.008773773729167622, 0.4989053610038604, -0.6395447118322775, 0.01212920987635923, 0.7686530855970395, -0.0975087880520719, -0.7686952768275239, 0.0008600830037293973, -0.6396057026768129, 0.39744887244598703, 0.0, 0.0, 0.0, 1.0]
[0.004855847927160031, -0.999950709457738, -0.00746641616793426, 0.5009179655289128, -0.6395055717008131, -0.008845328767766782, 0.7687304523533078, -0.09707488187682616, -0.7687586041181803, 0.0010419765664264574, -0.6395293146168409, 0.3973629598374247, 0.0, 0.0, 0.0, 1.0]
[0.018300453803567006, -0.9995429636947134, -0.023658292339571233, 0.5029243568382737, -0.6392938842953202, -0.0298911479723806, 0.7683761856955347, -0.09660298647843601, -0.7687321833996503, 0.001062968715476496, -0.6395610388849187, 0.3973430863668497, 0.0, 0.0, 0.0, 1.0]
[0.03180058455619041, -0.9986954181994038, -0.03971097772671025, 0.5049913700400648, -0.6387661131744105, -0.05086552526591323, 0.7677126059554995, -0.0960824091079532, -0.7687309818025737, 0.0009523172523051011, -0.6395626575285682, 0.39737904411615443, 0.0, 0.0, 0.0, 1.0]
[0.04507923294974731, -0.9974232541076806, -0.05563741026949182, 0.506974863914722, -0.6378856939377575, -0.07160129397532716, 0.7667901689912914, -0.09553108545851305, -0.7687980561418039, 0.0009239954071200003, -0.6394820680181824, 0.3974095477881087, 0.0, 0.0, 0.0, 1.0]
[0.058452333271129586, -0.9957026977919814, -0.07169594279316804, 0.5089912556565916, -0.6367526709854945, -0.09249897678604388, 0.7654946140613909, -0.09493550500554165, -0.7688368537142374, 0.0009076367740017331, -0.6394354444586261, 0.3973664528667219, 0.0, 0.0, 0.0, 1.0]
[0.0719028446622947, -0.9935387519725266, -0.08770190560730919, 0.510981045453762, -0.635471396394592, -0.11340559260812923, 0.763745542247474, -0.09431329943630823, -0.7687566794473955, 0.000816575337003303, -0.6395319557691846, 0.397434250339323, 0.0, 0.0, 0.0, 1.0]
[0.08527175958440668, -0.990937308200243, -0.10369634594675393, 0.5129403253965994, -0.6338271259235804, -0.13425126751206845, 0.7617294071874278, -0.09364172633523467, -0.7687474542149983, 0.0007715500421492259, -0.6395431010207059, 0.39739574416736956, 0.0, 0.0, 0.0, 1.0]
[0.09836148116118613, -0.9879314952405737, -0.1195717437608137, 0.5148797170283486, -0.6318744189646427, -0.1548269285455695, 0.7594440019390108, -0.0929412121928646, -0.7687915742144168, 0.0008542892237534227, -0.6394899577107196, 0.397399608301329, 0.0, 0.0, 0.0, 1.0]
[0.11171267395130853, -0.984467854744025, -0.13536772568616667, 0.5168225460451662, -0.6296371144375322, -0.17550873460810623, 0.7567995522112443, -0.09223929826642376, -0.7688030498785985, 0.0006884425663382755, -0.6394763612639759, 0.3974444558694272, 0.0, 0.0, 0.0, 1.0]
[0.1246932636461973, -0.9805810280703683, -0.15130639465717566, 0.5187182014766849, -0.6270844862015569, -0.19606330708716668, 0.7538673063099682, -0.09142826761529668, -0.7688936103699897, 0.0008797179726472576, -0.6393672336089796, 0.3973211435420103, 0.0, 0.0, 0.0, 1.0]
[0.1380842029009904, -0.9762168130128364, -0.1670771416062531, 0.5206506415881325, -0.624413652791638, -0.21675097134937943, 0.7504120170266186, -0.09056825886449504, -0.768778960441693, 0.0007052030699012461, -0.6395053036955408, 0.3974015467226989, 0.0, 0.0, 0.0, 1.0]
[0.1509662968009156, -0.9714682668556763, -0.1828660013424754, 0.5225314353188347, -0.6213013114267414, -0.23712738612864742, 0.7468244562292053, -0.0896586767003005, -0.7688787970485579, 0.0008695639321634959, -0.639385061704577, 0.3973455977086911, 0.0, 0.0, 0.0, 1.0]
[0.16398989145402917, -0.9662985957527457, -0.1983830737999793, 0.5243818607406668, -0.6180185052468269, -0.2573852176843303, 0.7428306318402079, -0.08873641493598824, -0.7688570670642119, 0.0007876960519304512, -0.6394112983280399, 0.39739478646750703, 0.0, 0.0, 0.0, 1.0]
[0.17700504395820182, -0.9606840469062774, -0.213862114254478, 0.5262763231150197, -0.6144005579488059, -0.27760845989511934, 0.7385368952432998, -0.08780692020941451, -0.7688705454800303, 0.0006722467147685343, -0.639395222418022, 0.3973647773617976, 0.0, 0.0, 0.0, 1.0]
[0.18996849397177248, -0.9546486998294775, -0.22921516019474672, 0.5280917349606132, -0.6106216315874765, -0.2977016864229144, 0.7338297103209092, -0.0867896979047867, -0.7687873185977727, 0.0005592102012957831, -0.6394953999734692, 0.39745198842935126, 0.0, 0.0, 0.0, 1.0]
[0.20237144473208088, -0.9481767245617421, -0.24492570143627723, 0.5298737589748618, -0.6063646141072676, -0.3177115921824103, 0.7289528629586441, -0.08578511557260066, -0.7689918725297447, 0.0009950344178326523, -0.639248875134203, 0.39720365974179506, 0.0, 0.0, 0.0, 1.0]
[0.21529546010168824, -0.9413968923833778, -0.25961856725830024, 0.5316750121073176, -0.6021951393796589, -0.3372718966240034, 0.72360176179267, -0.08477209310232635, -0.7687584964527702, 0.0005528650601143854, -0.6395300539187282, 0.3974811888528183, 0.0, 0.0, 0.0, 1.0]
[0.22789488257425053, -0.9340630684263409, -0.27490418076262324, 0.5334344983963297, -0.5973462260616124, -0.3570806835433929, 0.7180957781758927, -0.08360717649334015, -0.7689097187626293, 0.0005626218626522141, -0.639348218708076, 0.39737508712942193, 0.0, 0.0, 0.0, 1.0]
[0.24028488304965048, -0.9264080310984525, -0.2898511675314866, 0.5351688402905704, -0.5924761678110538, -0.3764950796281998, 0.7121895519686684, -0.08247285919556627, -0.7689056590082767, 0.0006015257706404729, -0.639353065799564, 0.39736704660715716, 0.0, 0.0, 0.0, 1.0]
[0.2527806140642886, -0.9182777639119326, -0.30471370828724176, 0.5369110182899841, -0.5873879375440461, -0.3959120870555492, 0.705846562164198, -0.08130496204992013, -0.7688030429715023, 0.0005608292332080686, -0.6394764942222824, 0.39739222180657213, 0.0, 0.0, 0.0, 1.0]
[0.26487304362314273, -0.909807504500282, -0.31949223415223865, 0.5385630850604689, -0.5819698291479661, -0.41500670139544416, 0.6993359126960614, -0.08007086473378662, -0.7688524797544118, 0.0006996092129060491, -0.6394169168312472, 0.3973636546655591, 0.0, 0.0, 0.0, 1.0]
[0.27706626669724554, -0.9009292229896507, -0.33398160650709313, 0.5402204747704994, -0.5762276919131438, -0.43394350401151943, 0.692563833842025, -0.07889942425133693, -0.7688801452971135, 0.0005633743668846438, -0.6393837834735702, 0.39734715849490476, 0.0, 0.0, 0.0, 1.0]
[0.28899904849655433, -0.8916450875866708, -0.34847047591989955, 0.5418731325146501, -0.5702933799616667, -0.45271334254187445, 0.6854238705915752, -0.07760061383300723, -0.7689120610584752, 0.0006435591114193689, -0.6393453253410258, 0.39732312980643164, 0.0, 0.0, 0.0, 1.0]
[0.301112622193246, -0.8819119572185071, -0.3626923876176695, 0.5434758554059955, -0.5640490220443128, -0.4713935273660124, 0.6779575497202852, -0.07620716463127222, -0.7688697135327742, 0.0004347110066800512, -0.6393964284709927, 0.3974209857375248, 0.0, 0.0, 0.0, 1.0]
[0.31261276735420856, -0.871851766115629, -0.37700296945275663, 0.5450586938406256, -0.557661332072355, -0.48974963991655784, 0.6701854394978962, -0.07487257132831579, -0.7689394275881802, 0.0007314532583238863, -0.6393123162499026, 0.39726166127529405, 0.0, 0.0, 0.0, 1.0]
[0.32471601278144374, -0.8613243554850607, -0.3907218343517803, 0.5466296480911215, -0.550935666521176, -0.5080364428124186, 0.6620861354698782, -0.07347385575044964, -0.7687718447624087, 0.00027262420532094895, -0.6395141885676516, 0.39746133939764117, 0.0, 0.0, 0.0, 1.0]
[0.33579588818093226, -0.850617835856854, -0.40456682629941765, 0.5481228253151925, -0.5439926526973209, -0.5257659189418719, 0.6539351438919293, -0.07214229912255046, -0.7689563460908034, 0.0004926485760403262, -0.6392921950415622, 0.3973137143665482, 0.0, 0.0, 0.0, 1.0]
[0.34717993930449365, -0.8393984470775568, -0.418163186202524, 0.5496153226343262, -0.5368189842196825, -0.5434986666157713, 0.6453087182962709, -0.07065583589292669, -0.7689422701523728, 0.00043969520454502755, -0.6393091644859921, 0.3973471143472274, 0.0, 0.0, 0.0, 1.0]
[0.35849114934435694, -0.8277505515563933, -0.4316218877030478, 0.5511161460202753, -0.5294777789261753, -0.5610789414207603, 0.6362642880862991, -0.06914319031664358, -0.7688420672455264, 0.0004390825141062875, -0.6394296691284292, 0.39737670246320556, 0.0, 0.0, 0.0, 1.0]
[0.3693480966510877, -0.8158270705680561, -0.4449637438077686, 0.5525166931751089, -0.5217853257920496, -0.5782790406790452, 0.6271536848835533, -0.0676425277498561, -0.7689621604406238, 0.000537532208930199, -0.6392851650347873, 0.3972886585958637, 0.0, 0.0, 0.0, 1.0]
[0.3805479165878382, -0.8034553843013131, -0.4578509708390729, 0.5539392959629348, -0.5138371118788206, -0.595348762964022, 0.617672538829823, -0.06606103880560496, -0.7688533361688016, 0.00020682274165369062, -0.639416236325947, 0.39742010660302496, 0.0, 0.0, 0.0, 1.0]
[0.39089941584028415, -0.7910026046672022, -0.47063524891428016, 0.5553092171908917, -0.5059269487199394, -0.6117969032652081, 0.6080545510642507, -0.06461709953579671, -0.7689059215247755, 0.0004188866332089769, -0.6393528958325331, 0.3973490927566498, 0.0, 0.0, 0.0, 1.0]
[0.401521389008191, -0.7778798612229844, -0.483392947219149, 0.5566117177692294, -0.4974803871827827, -0.6283975936763004, 0.5980111711112834, -0.0629527440740327, -0.7689438116264478, 0.0003642344769910921, -0.6393073578529314, 0.39735772403316616, 0.0, 0.0, 0.0, 1.0]
[0.41194417998475835, -0.7645104658768491, -0.4957935252404501, 0.557923214411994, -0.48899767648243114, -0.644596285080605, 0.5876770353597474, -0.0613544626091361, -0.7688719086250172, 0.00035174743046880434, -0.6393938398517971, 0.3973379557029527, 0.0, 0.0, 0.0, 1.0]
[0.4221350221820845, -0.7508583312247741, -0.5079365153922476, 0.5592214336720192, -0.4802313459769311, -0.6604486676126863, 0.5772110301228564, -0.05967587365170702, -0.7688697056652215, 0.00026604545299544575, -0.6393965303594412, 0.39735986493224884, 0.0, 0.0, 0.0, 1.0]
[0.4320063121544587, -0.7369042803079097, -0.5199313218941916, 0.56042031421487, -0.4712220486168952, -0.675982815653099, 0.5665544463471569, -0.05795934076916977, -0.7689610354609713, 0.0002480056419248817, -0.6392866961212512, 0.3973832004347224, 0.0, 0.0, 0.0, 1.0]
[0.4418954211662928, -0.7225980979950349, -0.5315699509098879, 0.5616627017578707, -0.46211015410607537, -0.6912544467281947, 0.5555251424693736, -0.05634798102988753, -0.7688715036503382, 0.00015985513315834138, -0.6393944036148905, 0.3973322470238885, 0.0, 0.0, 0.0, 1.0]
[0.45160261165094706, -0.7078321352054838, -0.5431529953687393, 0.562790777478949, -0.4527152565955741, -0.7063670357083521, 0.544133214100443, -0.05457354176224939, -0.7688203460476679, 0.00016166709522952486, -0.6394559163341033, 0.39740884276407584, 0.0, 0.0, 0.0, 1.0]
[0.4607240297681748, -0.692975525079111, -0.5545312952034674, 0.5638964202971875, -0.4431658160350275, -0.7209476957013228, 0.5327519976189522, -0.05283257700229375, -0.7689721547581487, 0.0002976667457566561, -0.6392732996715728, 0.39732586065705455, 0.0, 0.0, 0.0, 1.0]
[0.47008752100256745, -0.6776932397060995, -0.5654524721618157, 0.5650324369507932, -0.4332720788712989, -0.7353316386646632, 0.5211033121212213, -0.05102515371016209, -0.7689432847547419, 3.0603935173043704e-05, -0.6393080946010181, 0.39735493665233, 0.0, 0.0, 0.0, 1.0]
[0.4791192637285854, -0.6622377881790679, -0.5760841774570306, 0.5660566666899668, -0.4234104419022049, -0.7492808928743407, 0.5092027889262698, -0.04930692707078861, -0.7688621955289296, -4.880916894722131e-05, -0.6394056147965588, 0.39744078824477946, 0.0, 0.0, 0.0, 1.0]
[0.4876793738543871, -0.6462641114774348, -0.5869402917724729, 0.5670789698793173, -0.4133017219467835, -0.7631011481233569, 0.4968337989492782, -0.04745409214579531, -0.768980664161346, 0.00028783728823001054, -0.6392630680053969, 0.3972534991086261, 0.0, 0.0, 0.0, 1.0]
[0.4964712577862893, -0.6301374551587458, -0.5970181631195143, 0.5680418795851296, -0.4029260665023988, -0.7764712062327092, 0.48448768505825834, -0.04560166888118559, -0.7688612501786082, 1.9969713392174586e-05, -0.6394067531175214, 0.39740096730418806, 0.0, 0.0, 0.0, 1.0]
[0.5048150618250776, -0.6137316153556195, -0.6070280874969803, 0.5689978597691471, -0.3923293308238306, -0.7895025278322934, 0.47196238221032055, -0.04371169751695661, -0.7689084447650947, -9.879579565391373e-05, -0.6393499908251489, 0.3973560698946291, 0.0, 0.0, 0.0, 1.0]
[0.5128468790600861, -0.5972067710570131, -0.6167010787131569, 0.5699019987706501, -0.3818474808271986, -0.8020753203155746, 0.4591867685284371, -0.04197778981142333, -0.7688701625927876, -6.747815460271779e-06, -0.6393960362110797, 0.3973488011313695, 0.0, 0.0, 0.0, 1.0]
[0.5208169613697188, -0.5801217247997008, -0.6262561577098447, 0.5707127764375516, -0.37099683412936646, -0.8145179725956374, 0.44598923512840066, -0.04002247795113576, -0.7688249402281437, 6.029362119499349e-05, -0.6394504101805601, 0.3974248900556963, 0.0, 0.0, 0.0, 1.0]
[0.5284897138362161, -0.5629313931371075, -0.635448967426793, 0.571561134492141, -0.35989966888396446, -0.8264919778297051, 0.4328597847205792, -0.038105536756107394, -0.768863835544198, -6.40707886250868e-05, -0.6394036413470575, 0.39735780951844735, 0.0, 0.0, 0.0, 1.0]
[0.5358876089577918, -0.5454551089130578, -0.6444314837777939, 0.5723424016770325, -0.3486494438891406, -0.8381285447284731, 0.41948568822105514, -0.036106162093162836, -0.7689270334319778, -0.00011650400901346984, -0.6393276312608885, 0.3973404309328391, 0.0, 0.0, 0.0, 1.0]
[0.5430701877122478, -0.5279397620513194, -0.6529497179683296, 0.5730638099170191, -0.33751083680689725, -0.8492704788069044, 0.40596798995683153, -0.03428893855106748, -0.7688575636340584, -9.150680670196573e-05, -0.6394111798643255, 0.3973726644688547, 0.0, 0.0, 0.0, 1.0]
[0.5500968452448672, -0.509876247918607, -0.6613689144773324, 0.5737756311431597, -0.32600652186348283, -0.8602365698987389, 0.3920414487606963, -0.03226297041666688, -0.7688263493503114, -5.018469110381476e-05, -0.6394487167996268, 0.3973784072967601, 0.0, 0.0, 0.0, 1.0]
[0.5566376499435166, -0.49180852102045924, -0.6695284032599133, 0.5744127527708622, -0.3143778486859112, -0.8706923243821079, 0.37821283092641855, -0.030271926163354317, -0.768961534683098, -4.260233440139995e-05, -0.6392861423109805, 0.39729291075483064, 0.0, 0.0, 0.0, 1.0]
[0.563445580188033, -0.4733850174219872, -0.6770711014770163, 0.5750582693957474, -0.30255767363546454, -0.8808446457760456, 0.36408084696266557, -0.028252808256186077, -0.7687448726281527, -0.00028668670354204626, -0.6395466053538615, 0.39746402946749826, 0.0, 0.0, 0.0, 1.0]
[0.5694557228506807, -0.4548923260260738, -0.6846772406472629, 0.5756007382416497, -0.290803091594772, -0.8905356310727662, 0.3498041658928772, -0.02634859385913773, -0.7688527092575922, -9.172581990600007e-05, -0.6394170170269465, 0.3973578193577706, 0.0, 0.0, 0.0, 1.0]
[0.57538714002321, -0.43613444856170064, -0.6918860783073031, 0.5761380554036724, -0.2787993930127796, -0.8998708146315681, 0.33538981505349663, -0.02429071290902724, -0.7688831409602013, -8.1567810476249e-05, -0.6393804240066486, 0.3973477797275262, 0.0, 0.0, 0.0, 1.0]
[0.5813306951630819, -0.41710399764364453, -0.6986193682923482, 0.5766239143867016, -0.2664628022284537, -0.9088480888504519, 0.32089789017579246, -0.022229337409132986, -0.7687866705341452, -0.00039171900600834325, -0.639496303607398, 0.39742358611852374, 0.0, 0.0, 0.0, 1.0]
[0.5867257882247623, -0.3980704187415395, -0.7051830346066642, 0.5770769934611241, -0.2544027945978497, -0.9173443365638133, 0.3061717458938696, -0.020276659928650367, -0.7687735781321078, -0.0002383242348047037, -0.6395121185085049, 0.39741038978666504, 0.0, 0.0, 0.0, 1.0]
[0.5918497661735251, -0.3787584224566143, -0.7115099475142882, 0.5774777177690125, -0.24213726541857938, -0.9254851674368554, 0.2912544071337119, -0.01825821931715298, -0.7688069626877507, -9.57797498692091e-05, -0.6394720204304521, 0.397327417647856, 0.0, 0.0, 0.0, 1.0]
[0.5969345456557551, -0.3592091787758577, -0.7173761699288753, 0.5778561580492036, -0.22953503160203706, -0.9332467182115933, 0.2763086119209396, -0.016185799819876157, -0.7687415458861433, -0.0002751938826257163, -0.6395506092534826, 0.3973849063244497, 0.0, 0.0, 0.0, 1.0]
[0.6015240615741145, -0.3396551980232481, -0.7230449239903269, 0.5781377933296206, -0.21706634492514607, -0.940539767715116, 0.26124549404188496, -0.014104324728271608, -0.7687858948689333, -0.0001967317767505663, -0.639497325822895, 0.3974046203685115, 0.0, 0.0, 0.0, 1.0]
[0.6060427156469017, -0.31986929954696663, -0.7282766071415764, 0.5784249466153637, -0.20444051116896825, -0.9474514955388682, 0.24601148982254475, -0.012158343296604816, -0.7686982835323023, -0.00020422953596926696, -0.6396026347394497, 0.3974057079448293, 0.0, 0.0, 0.0, 1.0]
[0.6099766014889606, -0.29991999910832623, -0.733462776299008, 0.5786415626617665, -0.1915418854470757, -0.9539542220058522, 0.23079172613127819, -0.009995461629619673, -0.7689089664300747, -0.00028870967976925966, -0.6393493058830176, 0.39730711517274564, 0.0, 0.0, 0.0, 1.0]
[0.6140277259984088, -0.27984317388184865, -0.7380033758858001, 0.5788362972542747, -0.1786709367889456, -0.96003561998223, 0.21538325088941768, -0.007934904884799412, -0.768783061047388, -0.0003915332388537313, -0.6395006430156802, 0.39738075919596255, 0.0, 0.0, 0.0, 1.0]
[0.6177097372203493, -0.25970557389588617, -0.7422796308574503, 0.5789761934408614, -0.1659279328662699, -0.9656778452802758, 0.1997892280188802, -0.005917606302130155, -0.7686893706427206, -0.0002468267820843942, -0.6396133316166472, 0.3974395692691017, 0.0, 0.0, 0.0, 1.0]
[0.6209146389433177, -0.23947729750385105, -0.7463960798835556, 0.5790658876298785, -0.15293841194641072, -0.9708920112392917, 0.18428224385009326, -0.003821244039712783, -0.7688014049144342, -0.0002709117634277243, -0.6394786521347181, 0.3973710312746482, 0.0, 0.0, 0.0, 1.0]
[0.6239902159008046, -0.2190105963868163, -0.750108091558482, 0.5791431694909904, -0.13980603634461333, -0.9757125600616176, 0.16858400405968085, -0.001719629606195169, -0.7688115696078488, -0.00032512997980867913, -0.6394664061181774, 0.39733215866587807, 0.0, 0.0, 0.0, 1.0]
[0.6268764885015208, -0.19854045581644392, -0.7533918173921649, 0.5791822422072943, -0.12685764274360478, -0.9800828566983688, 0.15272828317346598, 0.0003303031482208667, -0.7687091475602117, -0.00016825983395777786, -0.6395895879432502, 0.39733445225152547, 0.0, 0.0, 0.0, 1.0]
[0.6293478534184307, -0.17800201758414913, -0.7564577484587428, 0.5791370456626999, -0.11347466488498331, -0.9840202257454702, 0.13714519598607594, 0.0023714673254842077, -0.7687818459927773, -0.00047324519448206913, -0.6395020484835605, 0.3972998999640269, 0.0, 0.0, 0.0, 1.0]
[0.631609787044352, -0.1573087893925715, -0.7591540452621329, 0.5790512676917159, -0.10029995699308646, -0.9875396354542072, 0.1211875269753309, 0.004499469047700124, -0.7687585722697224, -0.0004001100144008043, -0.639530076593543, 0.39734758717544316, 0.0, 0.0, 0.0, 1.0]
[0.6337809061011294, -0.13653550590079205, -0.7613617576870164, 0.5789528852234966, -0.08712428753824876, -0.9906254166011688, 0.10512660074172693, 0.006575546631004358, -0.7685778220088012, -0.0002941315760732652, -0.6397473499345083, 0.39741473840720754, 0.0, 0.0, 0.0, 1.0]
[0.6354065709171189, -0.11580802624177537, -0.763438903286045, 0.5788028477812952, -0.0737568526180479, -0.9932618329675549, 0.08928470330392566, 0.008599468258100778, -0.768634609699847, -0.0004232364891468243, -0.6396790466361476, 0.39737821040588317, 0.0, 0.0, 0.0, 1.0]
[0.6368069372268642, -0.09490965658662717, -0.7651542985751085, 0.5785856960799733, -0.06042178068601273, -0.9954761478637414, 0.07319356186772434, 0.010685204019044367, -0.7686396294881497, -0.00037818273824548364, -0.6396730429470584, 0.39736789561084507, 0.0, 0.0, 0.0, 1.0]
[0.6378239687312403, -0.0740161438619617, -0.7666121947872581, 0.5783361501326952, -0.04704744320329369, -0.9972473182330024, 0.057141352191523685, 0.012753957959322316, -0.768731337920584, -0.0003789803402612944, -0.6395628262127089, 0.39728579842545036, 0.0, 0.0, 0.0, 1.0]
[0.6386215765617476, -0.0531727555161611, -0.7676765160516883, 0.5780566315088617, -0.03365977937968459, -0.9985755870595859, 0.04116546742284533, 0.01486352750861155, -0.7687719090231557, -0.00044933354021402483, -0.6395140115701927, 0.39723919338102665, 0.0, 0.0, 0.0, 1.0]
[0.6390485596569244, -0.0322396518835103, -0.7684853026857865, 0.5777042739954364, -0.020339015322745832, -0.9994704719651617, 0.02501717562741293, 0.01683150783237577, -0.7688849132069897, -0.00035695570475134403, -0.639378198314239, 0.39714803868565063, 0.0, 0.0, 0.0, 1.0]
[0.639469338212744, -0.0112813031527904, -0.7687287051267995, 0.5773238169047472, -0.006863159508475525, -0.9999266323974164, 0.008965227972852983, 0.018916450252193975, -0.7687734447992628, -0.00045708067669769024, -0.6395121598542668, 0.39723318508643596, 0.0, 0.0, 0.0, 1.0]
[0.6394332843595244, 0.009784838431725142, -0.7687791995662849, 0.5769017481440448, 0.006681589286433293, -0.999942347853218, -0.007169743741561793, 0.020989684800337013, -0.7688050325791368, -0.0005520940747718145, -0.6394741097878026, 0.39722398822273064, 0.0, 0.0, 0.0, 1.0]
[0.6390320587991497, 0.03047471741090144, -0.7685710371592326, 0.5764878115215308, 0.019713255415922025, -0.9995258622698826, -0.023242106535347674, 0.02290118191852881, -0.7689149252609385, -0.00029858597068763414, -0.6393421347946505, 0.39724940511701673, 0.0, 0.0, 0.0, 1.0]
[0.6385214029746338, 0.05156935094421799, -0.767869206935572, 0.575952789242072, 0.0333518400537908, -0.998659654716653, -0.03933605849930312, 0.02501205175501126, -0.7688685320713415, -0.0004929357114791536, -0.6393978069573546, 0.39741712282440056, 0.0, 0.0, 0.0, 1.0]
[0.6375328375215603, 0.07240938485638987, -0.7670077154642853, 0.5753705999106347, 0.04664056762249075, -0.9973652368064168, -0.055389961478303947, 0.02700542695670813, -0.7689975848042488, -0.0004607559086110972, -0.6392426116786099, 0.3974262129489124, 0.0, 0.0, 0.0, 1.0]
[0.6362357469495118, 0.09329799776141522, -0.7658273934766017, 0.5747644621364698, 0.06001885447636848, -0.9956284267507647, -0.07143261226891018, 0.028930006069176274, -0.7691440426293048, -0.0005161014596238248, -0.6390663387358732, 0.3973863982305732, 0.0, 0.0, 0.0, 1.0]
[0.6348640463979517, 0.11405276300175998, -0.7641541724265201, 0.574148871289834, 0.07333369375084642, -0.9934648344133832, -0.08735379763012723, 0.030941406090266337, -0.7691232403544211, -0.0005804626274674816, -0.6390913196114738, 0.3973930097640882, 0.0, 0.0, 0.0, 1.0]
[0.6332836787519666, 0.13484502446883348, -0.7620764593814989, 0.5734839707465653, 0.08657818132211417, -0.9908568550581612, -0.10338212601274169, 0.03291537787779687, -0.7690492491684389, -0.0005089808030976847, -0.6391804174704073, 0.39744805958282914, 0.0, 0.0, 0.0, 1.0]
[0.6311551666850747, 0.15563127282899947, -0.7598775732925259, 0.5727555333084541, 0.09984025590429707, -0.9878053400178917, -0.11938825260221386, 0.03486573448674362, -0.7691916703715066, -0.0005138589020719749, -0.6390090130410149, 0.39737214723808634, 0.0, 0.0, 0.0, 1.0]
[0.628853564937617, 0.17618062243085397, -0.7572947712808813, 0.572009564290783, 0.11309405302924293, -0.9843478332137242, -0.1350932148204631, 0.03679079955547292, -0.7692422738876729, -0.0006916852832768787, -0.6389479264385399, 0.3972914128307528, 0.0, 0.0, 0.0, 1.0]
[0.626336065251602, 0.1968080565410882, -0.7542953157864385, 0.5712336623558594, 0.1262440139013446, -0.9804319984772194, -0.1509858639905321, 0.038744536422007626, -0.769250498355657, -0.0006573763714189183, -0.638938060736461, 0.39725050604132, 0.0, 0.0, 0.0, 1.0]
[0.6238332284173078, 0.21730347363788932, -0.7507349075878222, 0.5704145264839481, 0.1393076911502795, -0.9760940806228234, -0.16677828211588566, 0.04066540394826105, -0.7690293994445374, -0.000541312479732448, -0.6392042734084138, 0.39740177654135656, 0.0, 0.0, 0.0, 1.0]
[0.6206378648214568, 0.23744589987718492, -0.7472747711451229, 0.569516745863925, 0.15218743885535857, -0.9713906655960385, -0.1822650398380617, 0.0424202665311247, -0.7691738237262877, -0.0006052483851081322, -0.6390304152877498, 0.39731761724383263, 0.0, 0.0, 0.0, 1.0]
[0.617327365018, 0.257878691917773, -0.7432340727575368, 0.5686111577824494, 0.16521476289455983, -0.9661671777308842, -0.19800648612199054, 0.044379208884007086, -0.7691500201019537, -0.000558418771632778, -0.6390591088043941, 0.3973016917148975, 0.0, 0.0, 0.0, 1.0]
[0.6138058963245229, 0.27819679117796126, -0.7388099370139498, 0.5676772944168121, 0.1783084959732405, -0.9605138490974439, -0.21354355718369908, 0.04623039816361578, -0.7690443087379414, -0.0006617941575744901, -0.6391862218123726, 0.39735900680274866, 0.0, 0.0, 0.0, 1.0]
[0.6097690587726213, 0.29818875155166497, -0.734340719739479, 0.5666654153877938, 0.19115357265255195, -0.9544964883717657, -0.2288635416534816, 0.04809641984505992, -0.7691701720210719, -0.0008179457410357257, -0.6390345738959115, 0.3972669081601823, 0.0, 0.0, 0.0, 1.0]
[0.6059192155986464, 0.3180613066285372, -0.729170688503942, 0.565684559585414, 0.20386165327874492, -0.9480597206266507, -0.24414153053425647, 0.04985608396209663, -0.7689493334362063, -0.0007198974044446448, -0.6393004145901033, 0.3973769293526322, 0.0, 0.0, 0.0, 1.0]
[0.6015021489618287, 0.33788271609226894, -0.723893134996402, 0.5645902912383566, 0.21645445144506073, -0.9411777830835376, -0.2594492127215546, 0.05165789778088886, -0.7689755406676652, -0.000630632442021808, -0.639268984953319, 0.39738141623434947, 0.0, 0.0, 0.0, 1.0]
[0.5967840206123702, 0.35747673240469496, -0.718366132965586, 0.5634924465946216, 0.2290781209635545, -0.9339114087019871, -0.27443558832327886, 0.05345562919677585, -0.768994664571055, -0.0007831901049238391, -0.6392458109911444, 0.39733064332978923, 0.0, 0.0, 0.0, 1.0]
[0.5918096211346214, 0.3769040563158722, -0.7125273512453353, 0.5623574560211403, 0.2414842498505607, -0.9262415640232838, -0.2893860421443026, 0.05511238265270185, -0.7690432213522307, -0.0008026889504195144, -0.6391873687263874, 0.3973149181511775, 0.0, 0.0, 0.0, 1.0]
[0.5865831182065022, 0.3962497611244315, -0.7063262167391909, 0.5611587064443871, 0.25375942448170713, -0.9181319948797089, -0.30433916053129556, 0.05685204317470935, -0.7690950180719268, -0.0007167204792819431, -0.6391251449552019, 0.3973230429164488, 0.0, 0.0, 0.0, 1.0]
[0.5812825012638521, 0.41535758745385987, -0.6996991504075922, 0.5599499069844694, 0.2661518003910961, -0.9096472258047106, -0.31888532177222034, 0.05855773980234964, -0.7689308289919363, -0.0008637311570164434, -0.6393224933295569, 0.39738914303183565, 0.0, 0.0, 0.0, 1.0]
[0.5753718579131186, 0.4343576846373092, -0.6930155990430763, 0.5586947103053218, 0.2782691530134936, -0.9007292893636122, -0.33352048557911845, 0.06024941041102034, -0.7690866339392249, -0.0009465623311128044, -0.6391349350348761, 0.39727220681248643, 0.0, 0.0, 0.0, 1.0]
[0.5696527979764552, 0.4529532479970283, -0.6857979636036909, 0.5574231021653339, 0.2900384190857523, -0.8915231857312532, -0.3479183843845932, 0.061804772403187186, -0.7689955475248487, -0.0007150760437114065, -0.6392448286253437, 0.3973910546618285, 0.0, 0.0, 0.0, 1.0]
[0.5633846419007734, 0.4716867708419846, -0.6783059344533009, 0.5561077604708455, 0.3021495979069895, -0.8817548147254205, -0.3622117337273072, 0.06347962665173817, -0.768950006603934, -0.000885337454772321, -0.6392993971807673, 0.39738237388312375, 0.0, 0.0, 0.0, 1.0]
[0.5569247951492214, 0.4900196967423506, -0.6706003835863172, 0.5547489936213688, 0.3138665455390412, -0.8716998513311858, -0.376311884113849, 0.06505833837712721, -0.7689624900088398, -0.0009016068610705013, -0.6392843588017536, 0.3973752986064786, 0.0, 0.0, 0.0, 1.0]
[0.550363410334698, 0.5078691872180592, -0.6626901291680655, 0.5533968164289523, 0.32516285810765333, -0.8614226876697737, -0.39013298523710527, 0.06649023373421735, -0.7689928342795082, -0.0007672962008685003, -0.6392480320917673, 0.3973578950137765, 0.0, 0.0, 0.0, 1.0]
[0.5432698373543193, 0.5259695904827157, -0.6543721149634384, 0.5519336868986507, 0.3367559337911343, -0.8504916165261146, -0.4040338365986686, 0.0680502505798742, -0.7690475094418294, -0.0008642959267919782, -0.6391821290067775, 0.39737209300633497, 0.0, 0.0, 0.0, 1.0]
[0.536227414399106, 0.543711848015499, -0.6456209092607574, 0.5505383516699173, 0.34829428121187644, -0.839259915514173, -0.4175140607799392, 0.06960460380692299, -0.768851091319483, -0.0009835852390355903, -0.6394182125779325, 0.39741359725128, 0.0, 0.0, 0.0, 1.0]
[0.5287241344270299, 0.5611641517290281, -0.6368156241634476, 0.5490225835153811, 0.35939361332598807, -0.8276923030789198, -0.4309826043030051, 0.07109669948948565, -0.768939378154147, -0.000996563777332268, -0.6393120174136552, 0.39735820995527454, 0.0, 0.0, 0.0, 1.0]
[0.5212873154781795, 0.578371647629174, -0.627482349905549, 0.5475456914036478, 0.37042159461590046, -0.8157611212634415, -0.4441916038533691, 0.07247743018592025, -0.7687835351156882, -0.000881563914675997, -0.6394995853190067, 0.397491503265611, 0.0, 0.0, 0.0, 1.0]
[0.5132644322539895, 0.5953046671648121, -0.6181909741348336, 0.546021081499866, 0.3811280006263194, -0.8034875925743937, -0.4573116104961804, 0.07384498842247061, -0.7689485136358495, -0.0008881058527661178, -0.6393011891148142, 0.3973497907702358, 0.0, 0.0, 0.0, 1.0]
[0.5051819714801369, 0.6119410183050792, -0.6085287522133295, 0.5444129238970603, 0.39184774403517836, -0.7908906003082933, -0.47003447147325766, 0.0752574914237299, -0.768913043254692, -0.0009976777728506882, -0.6393436895415043, 0.39739565654288556, 0.0, 0.0, 0.0, 1.0]
[0.49706935777690314, 0.6284266673447166, -0.5983223350669217, 0.5428716049875516, 0.4024457947476922, -0.777855965914991, -0.4826621082451446, 0.07659542212365517, -0.7687263380100643, -0.0008757634826422007, -0.6395683486730864, 0.39747446984267865, 0.0, 0.0, 0.0, 1.0]
[0.48825905807983583, 0.6445473967386975, -0.5883444203062377, 0.5412219978601821, 0.41261967647639053, -0.7645511208820915, -0.4951687124107281, 0.07782966134843414, -0.7689790905406458, -0.000991875251182128, -0.6392642562696738, 0.3973206742123036, 0.0, 0.0, 0.0, 1.0]
[0.47993318395190704, 0.6603402778712384, -0.5775829171094792, 0.5396074210752684, 0.42271499069909735, -0.7509533984721133, -0.5073132483680769, 0.07909740159680057, -0.7687372258979368, -0.0006764948836153691, -0.6395555033720955, 0.39749121600775933, 0.0, 0.0, 0.0, 1.0]
[0.47076009222785437, 0.6759802888512833, -0.5669413725694182, 0.5379198552992813, 0.4328472070745108, -0.7369060058759136, -0.5192290162777797, 0.08038917760169723, -0.7687710828293596, -0.0009666901013566626, -0.6395144319906417, 0.3974145491423832, 0.0, 0.0, 0.0, 1.0]
[0.4614471181659269, 0.6912706552649248, -0.5560558768950049, 0.536188288880111, 0.44254866245971874, -0.722581874217432, -0.5310482962210515, 0.08157079230943938, -0.7688940014024582, -0.0010310786746207865, -0.6393665371688181, 0.39734822652274276, 0.0, 0.0, 0.0, 1.0]
[0.45239677043541526, 0.706197836775773, -0.5446175125367193, 0.5345096444999448, 0.4521375070430871, -0.7080004847196573, -0.5424881577718822, 0.08270974134180281, -0.7686934263577887, -0.0008221138349019673, -0.6396079765884616, 0.39748416053693914, 0.0, 0.0, 0.0, 1.0]
[0.4426302494714598, 0.7208614192969877, -0.5333136969522775, 0.5327534508390823, 0.461401754904133, -0.6930647281645287, -0.5538558982779281, 0.08378788891318417, -0.7688742613232856, -0.0009185012621930537, -0.6393904476811048, 0.39735484213309497, 0.0, 0.0, 0.0, 1.0]
[0.43296449941290027, 0.7352522229465698, -0.5214708940421122, 0.5309573050517379, 0.47075806218221045, -0.6777787319900409, -0.5647917543611406, 0.08496849001557533, -0.7687062742294974, -0.0009518483641844334, -0.6395923552330698, 0.3974288029359746, 0.0, 0.0, 0.0, 1.0]
[0.42316987750482227, 0.7492322469363154, -0.5094742773061387, 0.5292099592701449, 0.4796572763119359, -0.6622923332867228, -0.5755735293709425, 0.0859632215050039, -0.7686591565543061, -0.0008076642847343762, -0.6396491796687184, 0.39748215306607243, 0.0, 0.0, 0.0, 1.0]
[0.4127453231640052, 0.7629683069301417, -0.4974999226014038, 0.5273540293248924, 0.48837913600030525, -0.6464201907056094, -0.5861860789079766, 0.08698882960498705, -0.7688353950144627, -0.001023019787178574, -0.6394370241908807, 0.3973621086376206, 0.0, 0.0, 0.0, 1.0]
[0.40268593160517147, 0.7762914566592116, -0.48497514374695, 0.5255380963543335, 0.49691180840324145, -0.630358348642927, -0.5964181439855546, 0.08790043618531887, -0.7687024405177231, -0.0008206797728685625, -0.6395971446719034, 0.39747128137060656, 0.0, 0.0, 0.0, 1.0]
[0.39210619711262745, 0.7893020607979917, -0.4724828377512934, 0.5236966560109393, 0.5053242523123014, -0.6139885929035651, -0.606344154069734, 0.0888741922012499, -0.7686877630820561, -0.0010057363233104287, -0.639614520516806, 0.39740270818896367, 0.0, 0.0, 0.0, 1.0]
[0.38143218757497277, 0.8020015640066727, -0.45966051870763464, 0.5217884858312867, 0.5134314846120367, -0.5973049851418913, -0.616119242328519, 0.08977854562079762, -0.7686861152590561, -0.000996472129197881, -0.6396165154011894, 0.39742261400833245, 0.0, 0.0, 0.0, 1.0]
[0.37072007875427504, 0.8143368191699103, -0.4465498340071404, 0.519931077446888, 0.5212407719813366, -0.5803754234605442, -0.6256682101563175, 0.09060188405085154, -0.7686712091225563, -0.0008122120628233605, -0.6396346899191645, 0.3974553938740518, 0.0, 0.0, 0.0, 1.0]
[0.35973134811769575, 0.826309158391965, -0.4333484676295024, 0.5180443063743335, 0.5289842322328586, -0.5631990344855244, -0.6347999960191717, 0.09142163748533425, -0.7686024890225418, -0.0008770480851935776, -0.6397171802110849, 0.39745540560654635, 0.0, 0.0, 0.0, 1.0]
[0.3485019958556668, 0.837908931056028, -0.42004657603924594, 0.5160787058833572, 0.5363916511404698, -0.5457915632081914, -0.643726876245247, 0.09217548578839638, -0.7686423761233997, -0.0009693753201895955, -0.6396691197464845, 0.3974312755455666, 0.0, 0.0, 0.0, 1.0]
[0.3373340068254293, 0.8491236235671169, -0.4064219074357025, 0.5141562121163393, 0.5436067603149906, -0.5281751914905903, -0.6523124991533832, 0.09297285457849641, -0.7685559217650658, -0.00088650738044098, -0.6397731133805113, 0.39743899945432354, 0.0, 0.0, 0.0, 1.0]
[0.3259360451092431, 0.8600150013872095, -0.3925857946305836, 0.5122085263664684, 0.5506145464200384, -0.5102492029459937, -0.6606500754892024, 0.09363853858375606, -0.7684855643864815, -0.0008337764353955027, -0.639857696375049, 0.3975217142597509, 0.0, 0.0, 0.0, 1.0]
[0.3141126649352193, 0.8705210376903776, -0.3788269612588439, 0.5102074054925493, 0.5571979869630368, -0.49211064681183847, -0.6688399467238386, 0.09427366864137629, -0.768664025405666, -0.0009905221401970686, -0.6396430716343631, 0.3973992278759856, 0.0, 0.0, 0.0, 1.0]
[0.3025880676472184, 0.8806654782570671, -0.36448879466895917, 0.5082659309170192, 0.5637869901518913, -0.4737176994595577, -0.6765540115071607, 0.09490440673331423, -0.7684825554000573, -0.0007768694895777609, -0.63986138192138, 0.3975286690990559, 0.0, 0.0, 0.0, 1.0]
[0.2907426620497178, 0.8902788332550242, -0.350507369068015, 0.5062621848459395, 0.5699397253359024, -0.4553937905679771, -0.6839407562171249, 0.09545350792039425, -0.7685168578824332, -0.0009173175079703144, -0.6398199951659574, 0.39742018153205644, 0.0, 0.0, 0.0, 1.0]
[0.2785930845361513, 0.8996854033776254, -0.3360580150027512, 0.5042013048886228, 0.5759453810369816, -0.43651567677469577, -0.691180820548452, 0.09598335029005915, -0.7685398871964989, -0.0009928647324698558, -0.6397922192855893, 0.3974605133362673, 0.0, 0.0, 0.0, 1.0]
[0.2666988057308146, 0.9086194120598918, -0.3213491031991339, 0.5022256089884958, 0.5816315991167128, -0.41760145494530476, -0.6980715126307755, 0.09646118758291959, -0.7684771804236618, -0.000731954035102673, -0.6398678903699525, 0.39754411375114806, 0.0, 0.0, 0.0, 1.0]
[0.2541100420861879, 0.9172075245712021, -0.306824058359443, 0.5001918223535701, 0.5871049460403468, -0.398384187452349, -0.7046900944985769, 0.0969385813925487, -0.7685809103452451, -0.0010690926562479915, -0.6397428138927609, 0.3973999129263974, 0.0, 0.0, 0.0, 1.0]
[0.24199270759592084, 0.9252997676847695, -0.2919627672695942, 0.49811996989215707, 0.59230710468687, -0.3792100652841364, -0.7108885262964532, 0.0973448567406531, -0.7685002082687163, -0.0009017820804670702, -0.639840015713567, 0.3974607174111609, 0.0, 0.0, 0.0, 1.0]
[0.2295088200309611, 0.9330204141099504, -0.27709354657276747, 0.4961132048093828, 0.5973992451514561, -0.3597951588729081, -0.7166953479982056, 0.09767586805529932, -0.7683883069917673, -0.0010475719181639498, -0.6399741749519712, 0.3974738269291408, 0.0, 0.0, 0.0, 1.0]
[0.2170353061014464, 0.9403501653474072, -0.2619528783428942, 0.49404749686225186, 0.601974404856192, -0.3401786412909625, -0.7224237696296439, 0.09798091320733396, -0.7684420854590756, -0.0008974640642995471, -0.6399098269303011, 0.3974962087291481, 0.0, 0.0, 0.0, 1.0]
[0.20416025516563024, 0.9473128036912046, -0.24677714960738478, 0.49195691633131833, 0.6063921550797442, -0.3202781392632265, -0.7278058896867163, 0.09829935779435328, -0.7684971641910309, -0.0010546914253701273, -0.6398434381698241, 0.39744326950393205, 0.0, 0.0, 0.0, 1.0]
[0.19180275564722427, 0.953768339756422, -0.23134267725729876, 0.4899500804608467, 0.6105484773794165, -0.30050991037202374, -0.7327451362683961, 0.09850201957354347, -0.7683898792911159, -0.0007033830289424329, -0.6399727579783652, 0.39755816313211245, 0.0, 0.0, 0.0, 1.0]
[0.1786565301746506, 0.9598542716731513, -0.21620191541873018, 0.4878357237044228, 0.6144149299078143, -0.28046272459462523, -0.7374457073300679, 0.09867191841540152, -0.7684769905687078, -0.001088193444153525, -0.6398676117055214, 0.39742492696237464, 0.0, 0.0, 0.0, 1.0]
[0.16592033050384217, 0.9655034558851132, -0.20063659321000793, 0.48577392601929875, 0.6180875604502135, -0.2603515646499836, -0.7417386129212699, 0.09880716078393703, -0.7683872451071841, -0.0009414666308571491, -0.6399756148219341, 0.39749726132162383, 0.0, 0.0, 0.0, 1.0]
[0.15302371825427855, 0.97075247253586, -0.1849453545414076, 0.48374274206507345, 0.6214122857213594, -0.24004112259945065, -0.7458005674752659, 0.09888957598285746, -0.7683822354189347, -0.0008021395879073029, -0.6399818195754661, 0.39754592569545066, 0.0, 0.0, 0.0, 1.0]
[0.13992364560110537, 0.9755314603978019, -0.16953183604027056, 0.48162987751102154, 0.6244347885075694, -0.21981387524098062, -0.7495029136510458, 0.09890859806769803, -0.7684291217831426, -0.0009883961164014608, -0.6399252604776654, 0.39746820956706125, 0.0, 0.0, 0.0, 1.0]
[0.1268667888963231, 0.9799260229303626, -0.15372380859965556, 0.4795394122639398, 0.6272354629797164, -0.19931111009274663, -0.7528893781615306, 0.09893496903756986, -0.7684147569880247, -0.0009043664565073859, -0.6399426340861816, 0.39753518978981117, 0.0, 0.0, 0.0, 1.0]
[0.1136214459904354, 0.9839049367991362, -0.13784903013354324, 0.4774942764098115, 0.6299533366387022, -0.17863620863539964, -0.7558039717126638, 0.09897455784481649, -0.7682640871276079, -0.0009629163337275373, -0.640123426562881, 0.39753475906876934, 0.0, 0.0, 0.0, 1.0]
[0.100389292121387, 0.9874215927910029, -0.122072199624045, 0.47538052238593304, 0.6320466889262272, -0.15804541255207527, -0.7586372375744651, 0.09883930094522111, -0.7683877406270665, -0.0009962743252940288, -0.6399749368876344, 0.3974806551688858, 0.0, 0.0, 0.0, 1.0]
[0.08714622750848462, 0.9905229820592583, -0.10606941385675638, 0.4733333930900775, 0.6340325373592337, -0.13727381848499942, -0.7610194068958324, 0.0987429572589866, -0.7683677657880108, -0.0009314892320898031, -0.6399990170086196, 0.39750194786303067, 0.0, 0.0, 0.0, 1.0]
[0.07396057575546798, 0.9931769530496006, -0.09005707198320613, 0.47128235076911207, 0.6357796732991081, -0.11653158015028323, -0.7630180560355914, 0.0985935860744201, -0.7683064409171689, -0.0008232010675468161, -0.6400727848842496, 0.39752394729468804, 0.0, 0.0, 0.0, 1.0]
[0.06055012205763221, 0.9953912504559251, -0.07423472392128115, 0.46918369254641384, 0.6371183959975029, -0.09579158794312462, -0.7647850215093578, 0.09832789615564859, -0.7683713809751006, -0.0009884818318034543, -0.6399945911015671, 0.3974766953899267, 0.0, 0.0, 0.0, 1.0]
[0.04740307158030243, 0.9971802099113265, -0.05801197687839786, 0.4671460379381733, 0.6384542283558741, -0.07491226203685489, -0.7660002578792491, 0.09813432454479602, -0.7681861063573503, -0.0007272268785161771, -0.6402173189375496, 0.39761108038122905, 0.0, 0.0, 0.0, 1.0]
[0.033921010783087, 0.9985220838016078, -0.04223499062066139, 0.4650853135317855, 0.6392224731422936, -0.05416125454826132, -0.767107075176378, 0.09779470687703859, -0.7682608552819229, -0.0009765077888404915, -0.6401272848282714, 0.3974817453235457, 0.0, 0.0, 0.0, 1.0]
[0.020400691658573035, 0.9994388284160454, -0.026203056207307132, 0.4629973175248796, 0.6397281284075798, -0.033189915720020384, -0.7678791900339403, 0.09745708560928842, -0.7683179552797107, -0.0010975655191419566, -0.6400585515077637, 0.39743145495029497, 0.0, 0.0, 0.0, 1.0]
[0.0072264002629385616, 0.9999157896153759, -0.009845891769350936, 0.46101954609235973, 0.6401175754555135, -0.012189995727267226, -0.7681751112976709, 0.09709911552625289, -0.768230444354689, -0.000751387541329948, -0.640164085838996, 0.3975789780475772, 0.0, 0.0, 0.0, 1.0]
[-0.006394356197610554, 0.9999506497604155, 0.0062095004717166655, 0.4589330690907861, 0.6401868038736018, 0.008863836571400727, -0.7681630010676058, 0.09671538148938444, -0.7681801320368347, -0.0009366675860119335, -0.6402242153298334, 0.397532830971955, 0.0, 0.0, 0.0, 1.0]
[-0.01981823598982338, 0.9995458099460758, 0.022274824252300054, 0.4568908497663409, 0.6398574342190333, 0.029799122784818124, -0.7679105262665762, 0.09627796536721157, -0.7682255191661468, -0.000965920134863829, -0.6401697086347646, 0.3974899365612289, 0.0, 0.0, 0.0, 1.0]
[-0.033031690777369824, 0.9986989186984204, 0.03860249715058961, 0.45492778027490705, 0.6393739363903024, 0.05080137780835945, -0.7672107070348504, 0.09579082758174579, -0.7681735635716488, -0.0006608362781946453, -0.6402324407782097, 0.39762144046347647, 0.0, 0.0, 0.0, 1.0]
[-0.04650414654311742, 0.9974246589741607, 0.05442626165426682, 0.45288894923869566, 0.6384595950080438, 0.0715821790148215, -0.7663141589650755, 0.09519446325592804, -0.7682365890776545, -0.0008878169729927173, -0.6401565369595081, 0.39751183757911623, 0.0, 0.0, 0.0, 1.0]
[-0.059811885685791114, 0.995697162412404, 0.07064376886325223, 0.4509081676483021, 0.6374334830059918, 0.09256018778503874, -0.7649203738498227, 0.09464149443799598, -0.768167846225529, -0.0007206263202652187, -0.6402392362158407, 0.39759326915396753, 0.0, 0.0, 0.0, 1.0]
[-0.07315272076909671, 0.9935548778721316, 0.08647701996338399, 0.4489382945452759, 0.6361358304740283, 0.11326420075298775, -0.7632131993998179, 0.09401726282518295, -0.7680889476697377, -0.000819991151657389, -0.6403337702168661, 0.3975386923009186, 0.0, 0.0, 0.0, 1.0]
[-0.08646420371462567, 0.9909644044032012, 0.10244237225628641, 0.44696039247931196, 0.6344002029658935, 0.13405073462657774, -0.7612875200768737, 0.09329785857177378, -0.7681413091704138, -0.0008346574696332178, -0.6402709365118084, 0.3975504122100754, 0.0, 0.0, 0.0, 1.0]
[-0.0996413680684716, 0.9879370085962257, 0.11846130970449839, 0.4450426548930063, 0.6325268781825348, 0.15479257000318047, -0.758907665131699, 0.09260798321389266, -0.7680898990660588, -0.0006886355785713102, -0.6403327837206587, 0.39759269192651403, 0.0, 0.0, 0.0, 1.0]
[-0.11301597660828368, 0.9844753759223355, 0.13422636481963274, 0.44307421766305893, 0.6301762503364869, 0.17546561156639007, -0.7563606771321607, 0.09180342088384161, -0.7681705731439662, -0.0008945733158603669, -0.6402357449217329, 0.39754287193443655, 0.0, 0.0, 0.0, 1.0]
[-0.1261200551390533, 0.9806085557456465, 0.14993922713933683, 0.44114895215891137, 0.6277593741981746, 0.1959255543961766, -0.7533412365713303, 0.09102063030392701, -0.7681097881808605, -0.0008856828981506032, -0.6403086829381882, 0.39753277930204345, 0.0, 0.0, 0.0, 1.0]
[-0.13913834570419484, 0.9762703042641482, 0.16588577538900104, 0.43928482842797845, 0.6251549169996565, 0.2165101436860346, -0.7498641612177921, 0.09026559229911107, -0.7679860658938159, -0.0006305507499727239, -0.6404573750412488, 0.397608188405728, 0.0, 0.0, 0.0, 1.0]
[-0.1525291656932847, 0.9714569108782659, 0.1816251797976719, 0.4373309506315394, 0.621910429738683, 0.2371738724783803, -0.746302513627179, 0.08946650016553914, -0.7680774817011402, -0.0008783061390191467, -0.6403474464829367, 0.3975053097459625, 0.0, 0.0, 0.0, 1.0]
[-0.1652789798958038, 0.966261343483671, 0.1974927156396675, 0.4355194110519274, 0.6187234118934555, 0.25752579787285085, -0.7421948231672761, 0.08859723755051906, -0.7680136361294193, -0.0004758364123549783, -0.6404244465453868, 0.397655668657519, 0.0, 0.0, 0.0, 1.0]
[-0.1784660383432383, 0.9606689678249882, 0.2127125418378046, 0.43363125046941053, 0.6149949552526554, 0.2776600087147248, -0.7380226000621654, 0.08760702605392867, -0.7680571756536505, -0.0008948294916516737, -0.6403717797829489, 0.39750329039562876, 0.0, 0.0, 0.0, 1.0]
[-0.19135773357558222, 0.9546683204273034, 0.22797447950062696, 0.43175577765797873, 0.6112246569636065, 0.2976376425743777, -0.7333534985270138, 0.08665596038712794, -0.7679631393639583, -0.000989240358625985, -0.640484412686685, 0.39743651151573656, 0.0, 0.0, 0.0, 1.0]
[-0.20401553455187385, 0.9481626291121976, 0.2436127663626956, 0.43002311571208185, 0.6071204266420988, 0.31775447895126624, -0.7283047699563003, 0.08565995221037975, -0.767960413118175, -0.000683200309732214, -0.6404880811724877, 0.39758563733493835, 0.0, 0.0, 0.0, 1.0]
[-0.2168413394346153, 0.9412458404005544, 0.25887861759695197, 0.42819700684592205, 0.6025796558696409, 0.33769272303708464, -0.7230851931591644, 0.08462117043745933, -0.7680223556286857, -0.0007997735063910508, -0.6404136669255778, 0.3975289899217542, 0.0, 0.0, 0.0, 1.0]
[-0.22925901741641597, 0.9339683390525274, 0.27409056511171515, 0.42645964239883605, 0.598044713486526, 0.35732840099452007, -0.7173908209714748, 0.08358528461264597, -0.7679606568733108, -0.0005499012378805797, -0.640487917218283, 0.3976008029044696, 0.0, 0.0, 0.0, 1.0]
[-0.241924905015175, 0.9262629095177739, 0.28894933320662597, 0.4246751678161864, 0.5930075786976748, 0.3768516127519729, -0.7115584084348792, 0.08242308767176529, -0.7679811839112518, -0.0007945559221882511, -0.6404630467287462, 0.3975129168558959, 0.0, 0.0, 0.0, 1.0]
[-0.2541324998748997, 0.9181917199003652, 0.3038472682482421, 0.4229913383936948, 0.5880254064852424, 0.39611161954448865, -0.7052035364974566, 0.08126578258893288, -0.7678694815763992, -0.0005452242296155753, -0.6405972289118657, 0.3975971148115791, 0.0, 0.0, 0.0, 1.0]
[-0.26639772390502797, 0.9096717319331117, 0.318609940440454, 0.42132765110443715, 0.5824599171905593, 0.41530442358573827, -0.6987509054717738, 0.08003230761930964, -0.7679540640336474, -0.0005681312692219849, -0.6404958063523186, 0.39760789457478, 0.0, 0.0, 0.0, 1.0]
[-0.278545743379353, 0.9007774141840109, 0.33315942556683664, 0.4196488012337856, 0.5767590176268301, 0.434258518530194, -0.6919237957728838, 0.0787769759516756, -0.7679466461497086, -0.0005797250523737191, -0.6405046900680903, 0.3975938627627687, 0.0, 0.0, 0.0, 1.0]
[-0.2904555066377553, 0.8915007504876497, 0.34762779533189414, 0.4180467773610017, 0.5709035297228262, 0.4529977721320077, -0.6847276480087642, 0.07751277200405365, -0.7679098288959656, -0.00042098052652168915, -0.640548955166639, 0.3976482116203659, 0.0, 0.0, 0.0, 1.0]
[-0.3024317898822723, 0.8818352373073486, 0.36178017296791115, 0.4163970434749828, 0.5646625158625207, 0.4715368904558193, -0.6773468714909617, 0.07618007146495066, -0.7679010369504796, -0.0005675240589305757, -0.6405593822033323, 0.3975913904701645, 0.0, 0.0, 0.0, 1.0]
[-0.3141041970977693, 0.8717813479241631, 0.3759245968446278, 0.4148392044690916, 0.558365310072732, 0.48987536666922404, -0.6695070444305823, 0.0748758840733266, -0.7678199533576577, -0.0003917185610512042, -0.6406567060017637, 0.3976241849771491, 0.0, 0.0, 0.0, 1.0]
[-0.32592190333365334, 0.8612829883986337, 0.38980790042775343, 0.41323509140353903, 0.5514777334678314, 0.5081062230218495, -0.6615810981255413, 0.07348651106593439, -0.7678723652520391, -0.0006533932948932342, -0.6405936710326675, 0.3975394422681489, 0.0, 0.0, 0.0, 1.0]
[-0.3372090436174046, 0.8504234350669869, 0.4037993662527196, 0.4117995479933441, 0.5445977862634277, 0.5260804177774782, -0.6531780816149997, 0.07209292387714551, -0.7679088871740043, -0.00034931525743890575, -0.6405501272434897, 0.39766439059734177, 0.0, 0.0, 0.0, 1.0]
[-0.3486453622128107, 0.8392757435899402, 0.4171890883870903, 0.4102531485550404, 0.5374510641386124, 0.5436880506850506, -0.6446226838249837, 0.07061405154402069, -0.7678369045344065, -0.0005259895920965332, -0.6406362930938456, 0.3975599582738231, 0.0, 0.0, 0.0, 1.0]
[-0.35972828978887533, 0.8277087142054346, 0.4306717542218226, 0.4088217121727034, 0.5301025067585893, 0.5611407047263508, -0.6356893651183412, 0.06913312896373067, -0.7678330787059381, -0.0003752716478896581, -0.6406409846325309, 0.39762475526559027, 0.0, 0.0, 0.0, 1.0]
[-0.37087576501870534, 0.8158074496878774, 0.4437272920101427, 0.4073681684255845, 0.5224469147986662, 0.5783067008263576, -0.6265771194697803, 0.06761165842020657, -0.7677767481764174, -0.0005583138039055841, -0.6407083608649867, 0.3975734493123715, 0.0, 0.0, 0.0, 1.0]
[-0.38164634935459774, 0.803426703719865, 0.45698617421371157, 0.4059956687765067, 0.51457580455193, 0.5953874118184023, -0.6170199737744344, 0.06611391002962963, -0.7678141391608067, -0.00032939220475347505, -0.6406637093990196, 0.3976451305024884, 0.0, 0.0, 0.0, 1.0]
[-0.3922386401017153, 0.7909308771193857, 0.4696404904149161, 0.4046083885613931, 0.5065344656748686, 0.6118896562495371, -0.6074551300189711, 0.06442310201016807, -0.7678231770374223, -0.0003782792498491338, -0.6406528504396682, 0.3976123249116032, 0.0, 0.0, 0.0, 1.0]
[-0.4027058274691084, 0.7779944667593344, 0.4822217852707304, 0.4032777637342334, 0.4982636620187185, 0.6282557096049584, -0.5975079137721544, 0.06279724885786228, -0.7678164406518823, -0.00034632620075772256, -0.6406609421448738, 0.39762373933084955, 0.0, 0.0, 0.0, 1.0]
[-0.41326220865162855, 0.7644646494936753, 0.4947662139956485, 0.4020004938068046, 0.489588775324757, 0.6446505897493521, -0.5871250564922206, 0.0613020877725275, -0.767787682160629, -0.00040461281849107623, -0.6406953734243903, 0.3976050993165441, 0.0, 0.0, 0.0, 1.0]
[-0.423348429267078, 0.7508432526941037, 0.5069479383482166, 0.4007482444918067, 0.480880223280817, 0.660465774367215, -0.5766509523188363, 0.05960218972320641, -0.7677962393732454, -0.0003430371149038875, -0.640685154342031, 0.3976424455912777, 0.0, 0.0, 0.0, 1.0]
[-0.4333144228409875, 0.7369517587405092, 0.5187741750225602, 0.3994968127600075, 0.47208235290680023, 0.6759310298499932, -0.5658996443892012, 0.05790417359769118, -0.7676963005858302, -0.00030834462249237297, -0.6408049218052541, 0.39759073933148964, 0.0, 0.0, 0.0, 1.0]
[-0.4429870785264138, 0.7225825626970703, 0.5306816911883441, 0.3983018177015743, 0.46283055019644853, 0.6912706756349778, -0.5549048658248054, 0.056220044709377394, -0.7678092712156408, -0.00019998625993908648, -0.6406695970010078, 0.3976510151831953, 0.0, 0.0, 0.0, 1.0]
[-0.4527189697611365, 0.7078698438618372, 0.5421736114584227, 0.39713954774952964, 0.45339101392387704, 0.7063292057153779, -0.5436194241043435, 0.05449207857796241, -0.7677648532022691, -0.00029018220075653883, -0.6407227924575443, 0.397612405731267, 0.0, 0.0, 0.0, 1.0]
[-0.4618795681725116, 0.692944308322468, 0.5536082529185993, 0.39608984731537666, 0.44383271092604343, 0.720977756708381, -0.5321558025861973, 0.052723224407302774, -0.7678935708273782, -8.244061511642427e-05, -0.6405685787441158, 0.39775895864294825, 0.0, 0.0, 0.0, 1.0]
[-0.4713288567938444, 0.6776661855230303, 0.564450645121244, 0.39494077332055905, 0.4340131556580144, 0.7353565002911301, -0.5204511121816465, 0.05095566697124761, -0.7677645709267835, -0.00032462201938717193, -0.6407231141851361, 0.3976009451030263, 0.0, 0.0, 0.0, 1.0]
[-0.4800883741549802, 0.6621504479728715, 0.5753773179962104, 0.393946291630625, 0.424105537053563, 0.7493580714408941, -0.508510274848368, 0.04913335235356864, -0.7678739436541292, -0.00010916463583351923, -0.6405921029088051, 0.3977401252596575, 0.0, 0.0, 0.0, 1.0]
[-0.4890976906907383, 0.6461951380616648, 0.5858349999122038, 0.3929025584826374, 0.4137396314500747, 0.7631595079051341, -0.49637946531189137, 0.04734484719590466, -0.7678435473647948, -0.00039489323611967666, -0.6406284252939055, 0.3976401807006219, 0.0, 0.0, 0.0, 1.0]
[-0.49741999843629287, 0.63012224464271, 0.596243988206691, 0.3919756762559422, 0.4035461599702208, 0.7764835416412016, -0.4839515084024964, 0.04548528735407191, -0.7679222544178128, -0.0001151867066715511, -0.6405341864743268, 0.39774795142811936, 0.0, 0.0, 0.0, 1.0]
[-0.5059604871767296, 0.6135733848813736, 0.606233873659114, 0.39102597532807293, 0.39285091727516436, 0.7896254501667921, -0.47132242586418754, 0.04367374879421206, -0.7678885916024255, -0.0003109908573034259, -0.6405744775635095, 0.39768085047444146, 0.0, 0.0, 0.0, 1.0]
[-0.514044841306848, 0.5970722889038999, 0.615833282309393, 0.39010336453358807, 0.382265411062794, 0.8021753534057359, -0.45866398934306646, 0.041715373433663404, -0.7678618388304103, -0.0003620948068725703, -0.640606519854382, 0.3976457932454087, 0.0, 0.0, 0.0, 1.0]
[-0.5218674330566873, 0.5799189243023353, 0.6255691048128054, 0.3892892857132492, 0.37127208115593513, 0.8146623432797409, -0.44549621345156776, 0.03989545258994247, -0.7679792776958064, -0.0002336218997384146, -0.640465782773772, 0.3977571669981872, 0.0, 0.0, 0.0, 1.0]
[-0.5296429697527818, 0.5628416697932944, 0.6345676315407901, 0.38844268395001513, 0.36021838436559883, 0.8265529475023625, -0.43247807862225246, 0.03790034847014681, -0.7679204301603777, -0.00047604691013899937, -0.6405362070265166, 0.39765595298236645, 0.0, 0.0, 0.0, 1.0]
[-0.536956900215509, 0.5453227990537359, 0.6436528997778775, 0.38770268607771224, 0.3490678141695408, 0.8382145959407684, -0.41896548628784924, 0.03602987675453934, -0.7679906870028169, -0.0002878980050567203, -0.6404520793214085, 0.3977467455654438, 0.0, 0.0, 0.0, 1.0]
[-0.5442205491216631, 0.5276666390157277, 0.6522122727948894, 0.3869549973901314, 0.33773321791724265, 0.8494401269554005, -0.4054277442383459, 0.03407480507544992, -0.7679459709707369, -0.0003683599424134811, -0.6405056560386734, 0.3977006324542934, 0.0, 0.0, 0.0, 1.0]
[-0.5511820263898398, 0.5097769210258851, 0.6605414535753188, 0.3862336204983481, 0.32627911354544514, 0.8602953570902189, -0.39168551070630636, 0.032110261462071785, -0.7679329793347833, -0.00036913356606639656, -0.6405212321315703, 0.3976735051921043, 0.0, 0.0, 0.0, 1.0]
[-0.5578474606879371, 0.4913941416152366, 0.6688253639997911, 0.3856368182538502, 0.31443632880984657, 0.8709261845542259, -0.3776253018432739, 0.030195382615625727, -0.7680603834528995, -0.00035432365378243013, -0.6403684594655824, 0.39779787780087206, 0.0, 0.0, 0.0, 1.0]
[-0.5643665717888007, 0.47328971346988313, 0.6763702939349833, 0.3850040544237523, 0.3027813986050439, 0.8808957577834484, -0.363771058812812, 0.028113581813278794, -0.7679808228122225, -0.0005078818056301754, -0.6404637712255942, 0.3977238507494999, 0.0, 0.0, 0.0, 1.0]
[-0.570639170576162, 0.45448599760806685, 0.6839613794244362, 0.3844123425124981, 0.2906742668055165, 0.8907428973965477, -0.34938325440099144, 0.0261667984498638, -0.7680235377398492, -0.0005617980170943599, -0.6404125022202444, 0.3977182779522132, 0.0, 0.0, 0.0, 1.0]
