[-0.5703580473351642, -0.45452151282168135, 0.6841722380646001, 0.4265588970713906, -0.2910614766435775, 0.8907249524206451, 0.34910653005785236, -0.027180305655038758, -0.76808571237544, -2.0463093872317936e-05, -0.6403381757576553, 0.37987883940430395, 0.0, 0.0, 0.0, 1.0]
[-0.5650822149737161, -0.47219002049216047, 0.6765413764664128, 0.4269335953345368, -0.30244331590585005, 0.8814858162390938, 0.3626211177011038, -0.028433499597378162, -0.7675877004521904, 0.00029532714077434825, -0.6409350130287264, 0.3794626332309598, 0.0, 0.0, 0.0, 1.0]
[-0.5586301808832165, -0.49079160988757276, 0.6686144408987263, 0.42753564992209936, -0.3144400533434298, 0.871265899492962, 0.3768377186584206, -0.029454480923019832, -0.7674897528703389, 0.0002737624753892443, -0.6410523092681287, 0.3794475061074212, 0.0, 0.0, 0.0, 1.0]
[-0.5520009458567151, -0.5088993290873796, 0.660534310814562, 0.4281543410646295, -0.3261431603860681, 0.8608148314599857, 0.3906560508041741, -0.03054486586259107, -0.7674023335955448, 0.00021376187605839255, -0.6411569809390038, 0.3794314638822345, 0.0, 0.0, 0.0, 1.0]
[-0.5451113379211535, -0.5267600702797071, 0.6522011914671308, 0.42880169340855845, -0.33748589507476157, 0.8500026135807474, 0.40445361156384607, -0.031667348364989335, -0.7674227301797915, 0.00036354645550009784, -0.6411324995208216, 0.37940534586687685, 0.0, 0.0, 0.0, 1.0]
[-0.5379520789965725, -0.5442566546053778, 0.6437243040620532, 0.4294949622635927, -0.3486451211594937, 0.8389071968073291, 0.41792990367769317, -0.03275602394463709, -0.7674860826726146, 0.0003949225752270572, -0.6410566402212673, 0.3794395902688813, 0.0, 0.0, 0.0, 1.0]
[-0.5306995338448443, -0.5616724303510061, 0.6347208750064245, 0.43016340292132993, -0.3596381421576488, 0.8273477773535212, 0.4314399062374286, -0.033790510622524875, -0.7674628058632342, 0.0006951208462790018, -0.641084251980126, 0.37934593935392835, 0.0, 0.0, 0.0, 1.0]
[-0.5229865419000448, -0.5788954066209994, 0.62558250203527, 0.4308825098395562, -0.3706832444837269, 0.8153897382547284, 0.4446549905201392, -0.034741655709449586, -0.7675022841344893, 0.0006556242840432284, -0.64103702900287, 0.37938620163727704, 0.0, 0.0, 0.0, 1.0]
[-0.5150645088502861, -0.5956373164930427, 0.6163706679617922, 0.43164893559409545, -0.3811510340519112, 0.803241090194603, 0.4577252679596043, -0.035834130272577765, -0.7677324975961232, 0.0008277228770746806, -0.6407610933473119, 0.37947154009039086, 0.0, 0.0, 0.0, 1.0]
[-0.5070602147318808, -0.6124058773582332, 0.6064955143385494, 0.43240256242116903, -0.3917750608978785, 0.7905306175045089, 0.470700177436045, -0.036751038375801744, -0.767712828599165, 0.001063515980780043, -0.640784311643859, 0.379394395735502, 0.0, 0.0, 0.0, 1.0]
[-0.49863722175877134, -0.6288005656751442, 0.5966224684724689, 0.43321541975124844, -0.4024316561187649, 0.7775538050470269, 0.4831605155987138, -0.03777960255880785, -0.7677176760576835, 0.0008220490966367907, -0.6407788591083531, 0.3794667607313652, 0.0, 0.0, 0.0, 1.0]
[-0.4902239842794242, -0.6449281050972021, 0.5862896463085778, 0.4339915301229515, -0.4125469166186131, 0.7642297930994562, 0.49572506810701933, -0.03871004969608738, -0.7677670439181992, 0.0011443321645908757, -0.6407192111070602, 0.3793940263378613, 0.0, 0.0, 0.0, 1.0]
[-0.48147977120751834, -0.6606971280262834, 0.5758851161518849, 0.4348100923865372, -0.42260190393514047, 0.7506388650366931, 0.5078726592651899, -0.03970052191343333, -0.767831757359357, 0.0011602652518613692, -0.6406416275622702, 0.37943247896378407, 0.0, 0.0, 0.0, 1.0]
[-0.4726565961257264, -0.676331571578761, 0.5649409164779635, 0.4356793929122094, -0.4326298955765202, 0.7365830839283976, 0.5198679488286885, -0.04057909444732567, -0.7677290293414075, 0.001308685425466202, -0.640764447101812, 0.37934959332051765, 0.0, 0.0, 0.0, 1.0]
[-0.4633622188209983, -0.6914497725141406, 0.5542376090762589, 0.4365175476439927, -0.4422985736754105, 0.7224103220734897, 0.5314898718051903, -0.04156417578023773, -0.7678855206312898, 0.0011338223088420425, -0.6405772309830677, 0.37941937443528917, 0.0, 0.0, 0.0, 1.0]
[-0.45391625187815826, -0.7064666286295064, 0.5430021755180775, 0.43742074503690076, -0.4518766343986273, 0.7077318478550365, 0.5430557647612598, -0.04245538166202894, -0.7679507083574192, 0.001131841757016224, -0.6404990817653046, 0.3794843223915051, 0.0, 0.0, 0.0, 1.0]
[-0.44445331641978597, -0.7211446472405161, 0.5314111696364282, 0.4383112200770655, -0.46120072046163324, 0.692769382249643, 0.5543925890794745, -0.04327545856936735, -0.7679426357940627, 0.0013144105172440128, -0.6405084120910515, 0.3794336312078801, 0.0, 0.0, 0.0, 1.0]
[-0.4345650113260487, -0.7354400642423086, 0.5198722085465809, 0.43927071671365614, -0.47039649877076306, 0.67757463216242, 0.5653376443452396, -0.044168464378055196, -0.7680241739532728, 0.001129893109395058, -0.6404109888712685, 0.3795413663150834, 0.0, 0.0, 0.0, 1.0]
[-0.42466924317411836, -0.7494730083364664, 0.5078700193628861, 0.44019240330148407, -0.4792889893047211, 0.6620191309937286, 0.5761943021734472, -0.04497808769526431, -0.7680617459126505, 0.0012754899466301797, -0.6403656530258284, 0.37946463236064304, 0.0, 0.0, 0.0, 1.0]
[-0.4143523883512164, -0.7632402467262223, 0.49574378727759844, 0.44116975655368385, -0.4882238623872703, 0.6460990342156745, 0.5866693034672605, -0.04578110285384733, -0.76806920610353, 0.00105388048484161, -0.6403571079834303, 0.37956122391671987, 0.0, 0.0, 0.0, 1.0]
[-0.4042060319411835, -0.7765644241995678, 0.4832705477064767, 0.4420892771481125, -0.49672475416232525, 0.6300213715520027, 0.5969298093206133, -0.04660580266297836, -0.7680252269593421, 0.0012301855695005456, -0.640409541203079, 0.3794389376572779, 0.0, 0.0, 0.0, 1.0]
[-0.39353356230513475, -0.7895362420971235, 0.47090219155231133, 0.4431349373371432, -0.5050370019930369, 0.6136874233811687, 0.6068881371995294, -0.04739137619060982, -0.7681469318161233, 0.0010078194993281481, -0.640263941603551, 0.37960225344107407, 0.0, 0.0, 0.0, 1.0]
[-0.3829991096312023, -0.8023047447743026, 0.45782481469839736, 0.444107732548196, -0.5132169071673977, 0.5968972541325294, 0.6166929083884015, -0.048134387709408887, -0.7680500212358861, 0.0012293994046360416, -0.640379805888531, 0.37948703181403703, 0.0, 0.0, 0.0, 1.0]
[-0.37200377309572236, -0.8145949154078364, 0.44500884962209997, 0.44515678840736655, -0.521059914857102, 0.5800127206135892, 0.6261550163667108, -0.04885537279046883, -0.7681734861558711, 0.0010557553364817659, -0.6402320042272328, 0.3795941399117612, 0.0, 0.0, 0.0, 1.0]
[-0.3612348563693505, -0.8265298448507595, 0.4316736367667304, 0.4461482612239256, -0.5285450464638268, 0.5628740826869236, 0.6354537136784929, -0.04954547553810116, -0.7681993616917253, 0.0013890685879401506, -0.640200319503823, 0.3794754339151635, 0.0, 0.0, 0.0, 1.0]
[-0.349858192945373, -0.8382252723917492, 0.41828429687223456, 0.44721263105500797, -0.5361524430332343, 0.5453052241938194, 0.6443380405778779, -0.05021307534618656, -0.7681930418584256, 0.001162794872051611, -0.6402083539398415, 0.3795590468235269, 0.0, 0.0, 0.0, 1.0]
[-0.33859838925908015, -0.8495158952679301, 0.4045463784274307, 0.4482584946859731, -0.5433104369327222, 0.5275430884212413, 0.6530704535855094, -0.05080762457224303, -0.7682093769359621, 0.0013343340337924944, -0.6401884178543588, 0.3794667044194404, 0.0, 0.0, 0.0, 1.0]
[-0.327162222006961, -0.8603680270120295, 0.3907882108422449, 0.4493357904573457, -0.5502716678694547, 0.5096526253414014, 0.6613958437164832, -0.051471495867408075, -0.7682100747405262, 0.0013440532925710587, -0.6401875601581763, 0.3794802259154007, 0.0, 0.0, 0.0, 1.0]
[-0.31571814413777816, -0.8707398183345204, 0.3769850200424319, 0.4504337122194003, -0.5568554502146351, 0.49172238347731545, 0.6694105463541675, -0.05215644390362593, -0.768254390114148, 0.001418892301292184, -0.6401342164682516, 0.37946872133203235, 0.0, 0.0, 0.0, 1.0]
[-0.3038331999235215, -0.8808430388322603, 0.3630209521785738, 0.45155978633230526, -0.5632984188811696, 0.4733864055813441, 0.6771925711880397, -0.05274331889645216, -0.7683495459824364, 0.0012644574855719154, -0.640020319839217, 0.3795219181486889, 0.0, 0.0, 0.0, 1.0]
[-0.2921386165068055, -0.8905409500343276, 0.34867597085667384, 0.4526688755031468, -0.5695396153496376, 0.4548797122806098, 0.6846158373199277, -0.05336536112651593, -0.768284063477881, 0.0014179452299202613, -0.6400986038399789, 0.3794724156107023, 0.0, 0.0, 0.0, 1.0]
[-0.27989908454184187, -0.8999325922089056, 0.3343063424381802, 0.45379498477769553, -0.5756205042019694, 0.43600533575361555, 0.6917733319627773, -0.053898188315074674, -0.7683087169335758, 0.0011931369346594703, -0.6400694701286128, 0.3795176009226354, 0.0, 0.0, 0.0, 1.0]
[-0.26767580910883565, -0.9089120754527256, 0.3197048875103089, 0.4549473761008851, -0.5814040867319465, 0.4169631935057409, 0.6986423459491433, -0.05441278461605104, -0.7683096355314892, 0.001131927082961137, -0.6400684786401358, 0.3795375015302871, 0.0, 0.0, 0.0, 1.0]
[-0.25559290978307214, -0.9173717322718463, 0.30509655578532185, 0.456091333868332, -0.5867616337295013, 0.3980054736256087, 0.7051898676773395, -0.05493873357062126, -0.7683513496785942, 0.0012225767113515104, -0.640018235812973, 0.37955485570004366, 0.0, 0.0, 0.0, 1.0]
[-0.24325747092149352, -0.9254844464378497, 0.29032173863509647, 0.457263771319828, -0.5919043534486261, 0.37875821082859706, 0.7114646488552443, -0.055433016489129454, -0.7684112089959717, 0.0012263901316874517, -0.6399463583029272, 0.3795504146597879, 0.0, 0.0, 0.0, 1.0]
[-0.23086046280223585, -0.9332247634918184, 0.27527657613276013, 0.4583935382872112, -0.5968641118963471, 0.35926389996945407, 0.7174073724647345, -0.05590756882975975, -0.7683992618073827, 0.0013182888855975516, -0.6399605210994428, 0.37952454727743756, 0.0, 0.0, 0.0, 1.0]
[-0.21833097804738563, -0.9405164218743725, 0.2602738852894458, 0.4595944951344734, -0.6015391517764558, 0.33971744942630405, 0.723003122107059, -0.056383734121546854, -0.7684158898709361, 0.0012890465943717646, -0.6399406144790168, 0.3795090833411896, 0.0, 0.0, 0.0, 1.0]
[-0.20566022914807736, -0.9474124034406859, 0.24514385955911447, 0.46079283714936325, -0.6059850711590096, 0.3199827924232461, 0.728274717756584, -0.056832254017240146, -0.7684183174419901, 0.0012236261574462418, -0.63993782791536, 0.37954477175160384, 0.0, 0.0, 0.0, 1.0]
[-0.1930437989595769, -0.9538779828107583, 0.2298535396411488, 0.4619713673769379, -0.6100992542759557, 0.3001596288241411, 0.7332627059599428, -0.0572040778889773, -0.7684359039740306, 0.0013183452661328654, -0.6399165214016103, 0.3794834809729897, 0.0, 0.0, 0.0, 1.0]
[-0.17999526526160917, -0.9599508476240698, 0.21465718871987088, 0.46322634071174656, -0.613974709469561, 0.2801322073820847, 0.7379378251168391, -0.057601665970858903, -0.7685164328213023, 0.0010312294986448366, -0.6398203322751717, 0.3795930967399448, 0.0, 0.0, 0.0, 1.0]
[-0.16733068111800853, -0.9656069379347144, 0.19896028148296266, 0.4643665137418254, -0.6176169829691143, 0.25996584218467783, 0.7422657056624847, -0.0579112257945918, -0.7684597923157208, 0.0013225773188497018, -0.6398878250049722, 0.37951384374952835, 0.0, 0.0, 0.0, 1.0]
[-0.1543086165065637, -0.9708576703066101, 0.18331838094514988, 0.4656080035789841, -0.6208925456823124, 0.23961282766465877, 0.7463709612197954, -0.05818803830331338, -0.7685454082155303, 0.0013504542111067751, -0.6397849321885345, 0.379488279474707, 0.0, 0.0, 0.0, 1.0]
[-0.141152102161432, -0.9756900090095889, 0.16758991027295225, 0.46684865048780094, -0.6240554006144934, 0.2191075282618482, 0.7500255499181552, -0.05843261991970134, -0.7685126465585983, 0.0012822944513973748, -0.6398244262644811, 0.37952506891953436, 0.0, 0.0, 0.0, 1.0]
[-0.12811893938958543, -0.9800326091816318, 0.15199609867460254, 0.46811122881685086, -0.6267547485901143, 0.19878438970519585, 0.7534287806733185, -0.058720574978593516, -0.7685992254684094, 0.0012642196739754818, -0.6397204533550706, 0.3794985439124959, 0.0, 0.0, 0.0, 1.0]
[-0.11488674728063947, -0.9839631057921951, 0.136377222158866, 0.46932951875893975, -0.6293951598379858, 0.17831498044375496, 0.7563446709655818, -0.059045358735121206, -0.7685333531949015, 0.0010588155313413315, -0.6397999624712376, 0.37959124658337207, 0.0, 0.0, 0.0, 1.0]
[-0.10195679131070393, -0.9874482388398577, 0.12054797800613315, 0.47050692172246117, -0.6316007054933712, 0.15787702919869243, 0.7590436298345804, -0.05937798559416852, -0.7685480521262869, 0.0012514650082902786, -0.6397819573934368, 0.3794930258041688, 0.0, 0.0, 0.0, 1.0]
[-0.08859315278326714, -0.9905493621569809, 0.10461439681397626, 0.4717703046839984, -0.633559848062926, 0.13708142345235858, 0.7614476424305298, -0.05952753416067468, -0.768592166954368, 0.0011795659716492292, -0.6397290956461461, 0.3795007244960889, 0.0, 0.0, 0.0, 1.0]
[-0.07528340687977639, -0.9931909454911235, 0.0887978217972597, 0.4730519932903866, -0.635247405357225, 0.11641026768343447, 0.7634797660209014, -0.05970772284163537, -0.7686181688827656, 0.0010687719717456367, -0.6396980488642526, 0.3795432459569752, 0.0, 0.0, 0.0, 1.0]
[-0.06203854767746247, -0.9953980265113446, 0.0729029261941878, 0.4743095455278348, -0.6366442894575796, 0.09572040763124187, 0.7651886513257656, -0.05982844200344972, -0.7686455712513623, 0.001057960981249795, -0.6396651399244614, 0.379555251049546, 0.0, 0.0, 0.0, 1.0]
[-0.048767166093183774, -0.9971891260347124, 0.05671348390473151, 0.4755221206482136, -0.6378360661942418, 0.07478727074062037, 0.7665272833548956, -0.05996786297840576, -0.7686141184458577, 0.0012074578683607174, -0.6397026689142007, 0.37949165153461506, 0.0, 0.0, 0.0, 1.0]
[-0.0352368761685485, -0.9985406448145281, 0.0406905638970017, 0.47678919342427634, -0.6386735871147382, 0.05381640238475953, 0.7675883888048903, -0.060015230799284676, -0.7686580244693239, 0.0010594285989140933, -0.6396501726581934, 0.37956985071280847, 0.0, 0.0, 0.0, 1.0]
[-0.022004928228598588, -0.9994488040636595, 0.024466908592187968, 0.47801716145068307, -0.6392174918068769, 0.032882053194460636, 0.7683175651903401, -0.06007792109187069, -0.7686985938604207, 0.0012670969362185188, -0.639601039245504, 0.3794510859198171, 0.0, 0.0, 0.0, 1.0]
[-0.008421561801650934, -0.9999170022431115, 0.008707139762225109, 0.47934875373283514, -0.6396026638353537, 0.012079683855456234, 0.7686056429738323, -0.0601187308243468, -0.7686470299251464, 0.000903750137095823, -0.6396636235600264, 0.37959246771442184, 0.0, 0.0, 0.0, 1.0]
[0.0048806416770942745, -0.9999499824000074, -0.0075471870859073085, 0.4805742069858666, -0.6395411968467949, -0.008923228101173868, 0.7686999135454489, -0.06009990455589886, -0.7687288102925487, 0.0010749882265191552, -0.6395650732195356, 0.3795041088532225, 0.0, 0.0, 0.0, 1.0]
[0.01834818999519772, -0.9995400704712587, -0.023743403322577263, 0.48180406053565167, -0.6393586690612355, -0.02998701207170675, 0.7683185430967803, -0.06007004838318762, -0.7686771644333882, 0.0010832961417338398, -0.6396271313291068, 0.37949162389037294, 0.0, 0.0, 0.0, 1.0]
[0.031882634481870606, -0.9986888557352497, -0.03981010503738968, 0.4831203900789066, -0.6388308431382453, -0.05099411806117518, 0.7676502108887339, -0.059995867573765245, -0.7686737919136973, 0.0009572118827612427, -0.6396313854552435, 0.37952839611646, 0.0, 0.0, 0.0, 1.0]
[0.045079006662585075, -0.9974173728580884, -0.055742929641786905, 0.48434158334471283, -0.6379610107336016, -0.0716821702841661, 0.7667199490459152, -0.05991325553608769, -0.768735571469985, 0.0009988420441487517, -0.6395570697990757, 0.37954763986385437, 0.0, 0.0, 0.0, 1.0]
[0.05850237241964408, -0.9956942347057947, -0.07177262343535706, 0.4856250017182496, -0.6367976375319545, -0.09258986822094104, 0.7654462179543919, -0.059792586207188005, -0.7687958039402941, 0.0009242173331299926, -0.6394847753813409, 0.37951770696986825, 0.0, 0.0, 0.0, 1.0]
[0.07188314600567752, -0.9935314193397713, -0.08780106735627295, 0.4868774572045547, -0.635517073014734, -0.11346916753434934, 0.7636980908079947, -0.05967784122334254, -0.7687207621290842, 0.0009020559680197511, -0.6395750141049314, 0.3795645936349428, 0.0, 0.0, 0.0, 1.0]
[0.08531799163923122, -0.9909256072656506, -0.10377010836921002, 0.4881227381746003, -0.6338824120286568, -0.13433747525614523, 0.7616681999575501, -0.05952371836987683, -0.7686967379432467, 0.0007940454737033537, -0.6396040320248676, 0.37953154132089745, 0.0, 0.0, 0.0, 1.0]
[0.09835084013133004, -0.9879158595676066, -0.11970960473525467, 0.48934961332579824, -0.6319036018472319, -0.15492606234669887, 0.7593995016477456, -0.05933014788090981, -0.7687689491122576, 0.000957351425546869, -0.6395170110570045, 0.37952425448168137, 0.0, 0.0, 0.0, 1.0]
[0.11178394695812995, -0.9844502569965197, -0.13543685157835852, 0.49060532381920124, -0.629687341861327, -0.17560740147569243, 0.7567348704730287, -0.05918189937845808, -0.7687515512851253, 0.000692060438119303, -0.6395382670682893, 0.3795979212394321, 0.0, 0.0, 0.0, 1.0]
[0.12469122351645598, -0.9805663942360284, -0.15140288474698704, 0.4918191458675713, -0.6271089739269247, -0.19613615216412675, 0.7538279858408402, -0.05891654030552294, -0.7688739691909833, 0.0009503738278194187, -0.6393907523990572, 0.3794595168183293, 0.0, 0.0, 0.0, 1.0]
[0.13809637727732418, -0.976205053133828, -0.16713578175616395, 0.4930635502564963, -0.6244587020209583, -0.21680378775796963, 0.7503592701042983, -0.058643744969232844, -0.7687401816962524, 0.0007474964788515669, -0.639551871410991, 0.3795447526631043, 0.0, 0.0, 0.0, 1.0]
[0.15095528202310632, -0.9714632119157627, -0.1829019455913466, 0.49428242512166637, -0.621319739444136, -0.23714795491808505, 0.7468025933815265, -0.05832364235396509, -0.7688660683809656, 0.0009067930791454205, -0.6394003165603896, 0.37949264702609675, 0.0, 0.0, 0.0, 1.0]
[0.16403755500667924, -0.9662884300745297, -0.19839318322946403, 0.49548771467138597, -0.6180326577070978, -0.2574234466615654, 0.74280560923482, -0.05799484940111645, -0.7688355230191567, 0.0007654503181502312, -0.6394372304905059, 0.3795595464909698, 0.0, 0.0, 0.0, 1.0]
[0.1770046961100309, -0.9606804920215097, -0.21387837061854825, 0.49673154007270237, -0.61439727245528, -0.2776207374462053, 0.7385350133436981, -0.05767973273359095, -0.7688732509690503, 0.0006821219416965562, -0.6393919585410647, 0.379507988824283, 0.0, 0.0, 0.0, 1.0]
[0.1899870776691592, -0.9546415043977654, -0.2292297253402841, 0.4979364312684435, -0.6106145849085877, -0.2977247698826869, 0.7338262088584342, -0.057295628341974734, -0.7687883232183319, 0.0005535166493151243, -0.6394941971690403, 0.3795893888624266, 0.0, 0.0, 0.0, 1.0]
[0.20239406979851138, -0.9482409185403968, -0.24465833372988766, 0.4990787476250092, -0.6065139235307587, -0.3175203388756712, 0.7289119777313046, -0.05701078522850191, -0.7688681603337003, 0.0008612242170912077, -0.6393978639754383, 0.37943654889308515, 0.0, 0.0, 0.0, 1.0]
[0.2153171288766256, -0.9413820479875687, -0.2596544216689701, 0.5003149521345401, -0.6021795128054659, -0.33731332230779487, 0.7235954564462511, -0.056556432222263746, -0.768764668328941, 0.0005560769882272175, -0.6395226319045276, 0.37961640719070233, 0.0, 0.0, 0.0, 1.0]
[0.2279355062669512, -0.9340480823462435, -0.2749214195601221, 0.5014918627886564, -0.5973486279099817, -0.357119902870236, 0.718074276170215, -0.05606279121700408, -0.7688958112892144, 0.0005493090811708062, -0.6393649560068718, 0.3795283822773655, 0.0, 0.0, 0.0, 1.0]
[0.24031166475124177, -0.9263967382545347, -0.28986505777023336, 0.5026519164194639, -0.5924540413639352, -0.37652289428697483, 0.7121932542452784, -0.05559614837688791, -0.7689143382440178, 0.0005833783738781132, -0.6393426443554191, 0.37952724000490456, 0.0, 0.0, 0.0, 1.0]
[0.2528174460632283, -0.918273965106329, -0.3046945984255891, 0.5038447273748503, -0.5873906372371811, -0.395920945349561, 0.7058393466586016, -0.05513051986994276, -0.7687888690358188, 0.0005262533787686016, -0.639493564001099, 0.37955086511295894, 0.0, 0.0, 0.0, 1.0]
[0.26481723442847016, -0.9098047574068828, -0.31954631680191586, 0.504926635853636, -0.5819356642797193, -0.41501263100784813, 0.6993608242117849, -0.05458348319122649, -0.7688975626767108, 0.0007525988008802185, -0.6393626427749297, 0.37948929214797067, 0.0, 0.0, 0.0, 1.0]
[0.27705939179040145, -0.9009306666114092, -0.33398341555601774, 0.5060855488805944, -0.576228781378464, -0.4339404991359195, 0.6925648101759895, -0.05412642906271776, -0.7688818061529559, 0.0005692714636667308, -0.6393817809723953, 0.37950704476923325, 0.0, 0.0, 0.0, 1.0]
[0.28905395602204587, -0.8916415119026897, -0.3484340814397502, 0.5072378608799696, -0.5703004987079836, -0.45272045701906954, 0.6854132482012508, -0.05354592238105804, -0.7688861414947201, 0.0005907195094558173, -0.639376547960158, 0.37950063422770786, 0.0, 0.0, 0.0, 1.0]
[0.3010885569784242, -0.8819182327293296, -0.3626971067805895, 0.5083258224365824, -0.5640374010056759, -0.47138177781278146, 0.6779753877634143, -0.05289737990377975, -0.7688876628120788, 0.00044410229222784347, -0.6393748371026481, 0.37956930984346166, 0.0, 0.0, 0.0, 1.0]
[0.312611092667655, -0.8718595233832976, -0.37698641799766014, 0.5094211026152143, -0.5576633393173369, -0.4897358449856775, 0.6701938501185678, -0.052310582059732026, -0.7689386527049995, 0.0007214729531483764, -0.6393132596063875, 0.37943280576477323, 0.0, 0.0, 0.0, 1.0]
[0.32469255990995727, -0.8613337441094263, -0.3907206277214655, 0.510541465121694, -0.5509172221828809, -0.508020525706098, 0.6621136965192093, -0.05165368958293751, -0.7687949679482986, 0.00027133179959459413, -0.6394863907501178, 0.3795890956102263, 0.0, 0.0, 0.0, 1.0]
[0.3358057061602115, -0.8506176882202533, -0.4045589873108228, 0.5115768824190843, -0.5440101175693823, -0.5257661565554302, 0.6539204235676027, -0.05108578914083689, -0.7689397028334517, 0.0004939726420075634, -0.6393122127937245, 0.3794813346278033, 0.0, 0.0, 0.0, 1.0]
[0.3471892677766487, -0.8394056451362593, -0.4181409910585828, 0.5126455331592333, -0.5367970350649183, -0.5434875779671616, 0.6453363160148544, -0.05035803757283188, -0.7689533811535233, 0.00040300121247644334, -0.6392958241916823, 0.3795126702584539, 0.0, 0.0, 0.0, 1.0]
[0.3585011573014161, -0.8277589298355887, -0.43159750646901635, 0.5137215966395327, -0.5294843691100322, -0.561066594959524, 0.6362696914025223, -0.049648198496017114, -0.7688328621897643, 0.0004207126985910235, -0.6394407495712693, 0.3795364470794574, 0.0, 0.0, 0.0, 1.0]
[0.3693107759369301, -0.8158316222709424, -0.4449863752321652, 0.5147040625691074, -0.5217687208462045, -0.5782725997056045, 0.6271734388643231, -0.04891737640866097, -0.7689913521130042, 0.0005580624448600058, -0.6392500320225551, 0.37944350196696147, 0.0, 0.0, 0.0, 1.0]
[0.3805264996561515, -0.8034625868187323, -0.45785613200368624, 0.5157470933404156, -0.5138539450327088, -0.5953390333083213, 0.6176679130528417, -0.048155832835314605, -0.768852686237726, 0.00023217078359290827, -0.6394170091353295, 0.3795678341707531, 0.0, 0.0, 0.0, 1.0]
[0.3908740398921137, -0.7910130405430121, -0.47063878517243285, 0.5167580994690418, -0.505956151756821, -0.6117833852333913, 0.6080438529886096, -0.0474970150234126, -0.7688996061509301, 0.0004540313641249828, -0.6393604669778877, 0.37949946820572406, 0.0, 0.0, 0.0, 1.0]
[0.40156109159697684, -0.7778692272925345, -0.4833770788938679, 0.5177189254089956, -0.49744236719754426, -0.6284107874871585, 0.5980289341154784, -0.04663687873162972, -0.7689476756799232, 0.0003070867840116547, -0.6393027401479959, 0.3795231168045351, 0.0, 0.0, 0.0, 1.0]
[0.41193746586330016, -0.7645211394872845, -0.49578264473090633, 0.5186947530167729, -0.4890261686851564, -0.644583616263874, 0.5876672221567198, -0.045874594938735594, -0.7688573843440979, 0.0003685409871849717, -0.6394112957918655, 0.379494816059205, 0.0, 0.0, 0.0, 1.0]
[0.42213094870291057, -0.7508611295973995, -0.5079357640325627, 0.5196741882845736, -0.4801961091015618, -0.6604454974904977, 0.5772439725853646, -0.04500246506469828, -0.7688939496784389, 0.00023623178146873659, -0.6393673871339729, 0.37950185625558847, 0.0, 0.0, 0.0, 1.0]
[0.4320234092916692, -0.7369017166540175, -0.5199207489307824, 0.5205838128252462, -0.47122783622708403, -0.6759856132766103, 0.5665462943720246, -0.04412561298748257, -0.7689478832079268, 0.00023986791205388337, -0.6393025192853392, 0.37954479757600496, 0.0, 0.0, 0.0, 1.0]
[0.44187285164671425, -0.7226199921595418, -0.5315589495699243, 0.5215367081200932, -0.46211301189438464, -0.691231559675088, 0.5555512436044523, -0.043343714182782274, -0.7688827570681432, 0.00015729493779531852, -0.6393808715168644, 0.3794860220546557, 0.0, 0.0, 0.0, 1.0]
[0.4516277891916782, -0.7078236609580951, -0.5431431042261257, 0.5224078780829574, -0.45272243955891933, -0.7063755289097796, 0.544116211758199, -0.04243475893447778, -0.7688013265147676, 0.00015506939514943135, -0.6394787849753224, 0.3795498929298244, 0.0, 0.0, 0.0, 1.0]
[0.4607141250123243, -0.6929750337576578, -0.5545401384174659, 0.5232669176631835, -0.4431904529885523, -0.7209481537689348, 0.532730882275312, -0.04152001727978771, -0.7689638901113227, 0.0003302528510572804, -0.6392832251468088, 0.37947595072383583, 0.0, 0.0, 0.0, 1.0]
[0.470104143218972, -0.6776480819734112, -0.5654927720344511, 0.5241893727999385, -0.4332422447375032, -0.7353732538094873, 0.5210693901297918, -0.04055922873116021, -0.7689499325732293, 3.8478734440792233e-05, -0.6393000981124273, 0.37948218420115853, 0.0, 0.0, 0.0, 1.0]
[0.4791630271538936, -0.6622018042673133, -0.5760891427795236, 0.5249911247521066, -0.42338624626573335, -0.7493126933434956, 0.5091761115104935, -0.0396888637810923, -0.7688482469141341, -7.014726994981984e-05, -0.6394223854687973, 0.379592366309747, 0.0, 0.0, 0.0, 1.0]
[0.487731713584967, -0.6462711779700795, -0.5868890171936436, 0.5258059786963342, -0.4133416697874496, -0.7630951679522533, 0.49680974991932647, -0.03873330000899525, -0.7689259954521002, 0.0002758156928638336, -0.639328830792555, 0.379436639262989, 0.0, 0.0, 0.0, 1.0]
[0.49649781576063534, -0.6301223948817816, -0.5970119727170432, 0.5266138320912458, -0.4029181975336616, -0.7764834282384029, 0.4844746408974371, -0.03773064932430582, -0.7688482242564858, 6.3869561707629175e-06, -0.6394224165290141, 0.37955584484929394, 0.0, 0.0, 0.0, 1.0]
[0.5048222140098543, -0.6137109237172365, -0.6070430594653118, 0.5274042741643652, -0.3923495302408263, -0.7895186161015675, 0.47191867483125377, -0.03670782984491573, -0.7688934420732174, -6.197104374107178e-05, -0.639368038222515, 0.37950095512619814, 0.0, 0.0, 0.0, 1.0]
[0.5128452775439426, -0.5971976340066353, -0.6167112587941669, 0.5281713774610263, -0.38184765205428556, -0.8020821234891599, 0.4591747423934702, -0.03583730516316045, -0.7688711457862848, 4.147962047849591e-06, -0.6393948539239306, 0.3794951237806806, 0.0, 0.0, 0.0, 1.0]
[0.5207633563766936, -0.5800939932418689, -0.6263264206936485, 0.5288492184881483, -0.37099895237404934, -0.8145377147000432, 0.4459514149376073, -0.03477759080179822, -0.7688602284510804, 0.00013129029768764358, -0.6394079685585949, 0.3795411422115763, 0.0, 0.0, 0.0, 1.0]
[0.5284740372393677, -0.562906439403787, -0.6354841103563077, 0.5296090219640357, -0.3598911692437127, -0.8265089751707817, 0.43283439575357524, -0.03371783285682626, -0.7688785893530428, -3.662106802196334e-05, -0.6393859017348518, 0.3794935938484169, 0.0, 0.0, 0.0, 1.0]
[0.5359016376762068, -0.5454406136147733, -0.6444320866688468, 0.5303085464321239, -0.3486728545815127, -0.8381379817359195, 0.41944737246275393, -0.03262548197780694, -0.7689066407016832, -8.655857902419518e-05, -0.6393521622750077, 0.3794897275023726, 0.0, 0.0, 0.0, 1.0]
[0.5430968752672409, -0.5278917757165366, -0.6529663183922471, 0.5309675624701161, -0.337476306633596, -0.8493003060366262, 0.40593429530519914, -0.031665432807233704, -0.7688538700150469, -0.00010098585691082936, -0.6394156198751688, 0.3795100468196811, 0.0, 0.0, 0.0, 1.0]
[0.550067720503679, -0.5098560195812365, -0.661408732590954, 0.5316246073725861, -0.3260060152743799, -0.8602485606247053, 0.39201555784466785, -0.03053389641131616, -0.7688474021325791, -1.1878925939756142e-05, -0.6394234049987237, 0.3795124225893118, 0.0, 0.0, 0.0, 1.0]
[0.556599134601179, -0.49181429254602266, -0.6695561837363901, 0.532236570319719, -0.3143990753190512, -0.8706890653662503, 0.3782026886500687, -0.02943589886916966, -0.768980735585068, 5.558344063081089e-07, -0.6392630468893228, 0.3794279504836591, 0.0, 0.0, 0.0, 1.0]
[0.5634355513995191, -0.4733933150871135, -0.6770736457170885, 0.5328796887219772, -0.3025768065538722, -0.8808401927427435, 0.36407572001685923, -0.02830867288725863, -0.7687446926359809, -0.0002664225360115873, -0.6395468304741853, 0.3795950438975166, 0.0, 0.0, 0.0, 1.0]
[0.569438506540791, -0.4549070211654465, -0.6846817960981791, 0.533426616512349, -0.2908406999225673, -0.8905281277548409, 0.34979200040796626, -0.02728889454192265, -0.7688512349202238, -5.1701510793303615e-05, -0.6394187943299485, 0.37949753943463904, 0.0, 0.0, 0.0, 1.0]
[0.575337432190265, -0.4361398271793402, -0.6919240238360163, 0.533993649832937, -0.2787938024065581, -0.8998682091504416, 0.33540145298129953, -0.026091741338850494, -0.7689223639364469, -6.488112945588292e-05, -0.6393332547088484, 0.37947259372702286, 0.0, 0.0, 0.0, 1.0]
[0.5813049624250591, -0.4171085379673607, -0.6986380697185983, 0.5345302175856761, -0.2664971773892769, -0.908846025459851, 0.3208751870536138, -0.024918694397694972, -0.7687942130406267, -0.0003412649566356122, -0.6394872648248586, 0.379556048989534, 0.0, 0.0, 0.0, 1.0]
[0.5867186125690004, -0.3980644905570062, -0.7051923513608066, 0.5350480247319798, -0.25438714269255247, -0.9173469064649277, 0.30617705107190957, -0.02383285401517751, -0.7687842338387505, -0.0002479072940606366, -0.639499304909025, 0.37955234433528484, 0.0, 0.0, 0.0, 1.0]
[0.591796715525859, -0.37877082690434494, -0.7115474706021631, 0.5355245851915353, -0.24215173648769311, -0.9254800935579252, 0.2912584987853915, -0.02272613701930247, -0.7688432420916558, -6.336735044757622e-05, -0.6394284040961459, 0.37945423157778296, 0.0, 0.0, 0.0, 1.0]
[0.5968836702307433, -0.35923575614136344, -0.7174051934709266, 0.5360051815768184, -0.22956938530588553, -0.9332364994671158, 0.27631458568655903, -0.021511493633121048, -0.7687707905763351, -0.00023339476251010296, -0.6395154713670401, 0.3795109307277833, 0.0, 0.0, 0.0, 1.0]
[0.601497962032632, -0.3396794525360085, -0.7230552425560063, 0.5364113092532377, -0.21708660339521033, -0.9405310113718588, 0.2612601851256801, -0.020302713895578122, -0.7688005952118724, -0.0001818622397814801, -0.6394796571278638, 0.3795498831903058, 0.0, 0.0, 0.0, 1.0]
[0.6060339456781256, -0.3198926879631081, -0.728273632147352, 0.5368457548803902, -0.2044883666678396, -0.9474436071878426, 0.24600209580000745, -0.01923274467363941, -0.7686924687315013, -0.0001621352376997331, -0.6396096353096218, 0.3795404166997545, 0.0, 0.0, 0.0, 1.0]
[0.6099351704957794, -0.29993703871474253, -0.733490262935399, 0.5372065107266663, -0.1915711722511973, -0.9539488752966988, 0.23078951812616993, -0.017941194258755525, -0.7689345360014693, -0.0002510545815508991, -0.6393185688700507, 0.3794418379444836, 0.0, 0.0, 0.0, 1.0]
[0.6139781840143701, -0.27983314104346085, -0.7380483975251887, 0.5375824659823971, -0.17866642476893282, -0.9600385528007517, 0.215373920822707, -0.016716882807704586, -0.7688236762196597, -0.0003704202985147226, -0.6394518255036539, 0.37949965709221906, 0.0, 0.0, 0.0, 1.0]
[0.6176964697412529, -0.2597069143146195, -0.7422902028073948, 0.537915374318241, -0.16594098445340416, -0.965677489633133, 0.19978010668513807, -0.015579412984622084, -0.768697214674957, -0.00022709961996453238, -0.6396039116430038, 0.3795782174769226, 0.0, 0.0, 0.0, 1.0]
[0.6208916272822664, -0.23950156636146128, -0.7464074357527283, 0.538212429088001, -0.15294979851086252, -0.9708860250467679, 0.18430433092172496, -0.014343229537735836, -0.7688177243062716, -0.00027014903576970135, -0.6394590318828346, 0.37952399495623723, 0.0, 0.0, 0.0, 1.0]
[0.6239852775448624, -0.21902027562263754, -0.7501093734927072, 0.5385263661557257, -0.13980657632925672, -0.9757103853172505, 0.16859614278843077, -0.013079991324230343, -0.7688154795030867, -0.0003312875703331644, -0.6394617020864043, 0.37948761634497014, 0.0, 0.0, 0.0, 1.0]
[0.6268665289914294, -0.19851577306361462, -0.7534066087111027, 0.5388112170019077, -0.12683063833824854, -0.9800878545555478, 0.15271863826105192, -0.011871089358089495, -0.7687217252752507, -0.00017916156791916634, -0.6395744675001696, 0.37947960376093154, 0.0, 0.0, 0.0, 1.0]
[0.6293280102690012, -0.17801776469381045, -0.7564705515662193, 0.5390287864086437, -0.11349392122469935, -0.9840173846160049, 0.13714964699557236, -0.010684866147362086, -0.7687952472779148, -0.0004573052645579998, -0.6394859489794047, 0.37943961572178203, 0.0, 0.0, 0.0, 1.0]
[0.6316115520057918, -0.15731471749898665, -0.7591513483492216, 0.5392285412015205, -0.10026498496009582, -0.9875386694746371, 0.12122433301625349, -0.009391627369853653, -0.7687616841811219, -0.0004503905925917142, -0.6395263023397266, 0.37949945466566537, 0.0, 0.0, 0.0, 1.0]
[0.6337436114658491, -0.13654282949391133, -0.7613914885851292, 0.5394301180479149, -0.08710472950200498, -0.9906243995311169, 0.1051523891083716, -0.008161224080298266, -0.7686107909246487, -0.0003188551694649804, -0.6397077271496122, 0.3795418191682378, 0.0, 0.0, 0.0, 1.0]
[0.6354043688287624, -0.11582836496731089, -0.7634376505404754, 0.5395982667950818, -0.07374547196069094, -0.9932594475070393, 0.08932063484504159, -0.006951144025094846, -0.7686375220738483, -0.0004546517554295232, -0.6396755255034521, 0.3795254625626433, 0.0, 0.0, 0.0, 1.0]
[0.6368114194464137, -0.09489711098251018, -0.7651521241997373, 0.5397201453649823, -0.06038262658354161, -0.9954773275679161, 0.07320982718697008, -0.005668535307167324, -0.768638992876841, -0.00041895897320477944, -0.6396737825140903, 0.37950874383377015, 0.0, 0.0, 0.0, 1.0]
[0.6378283271793873, -0.07401944907585899, -0.7666082493205933, 0.5398172771518533, -0.047004848315786565, -0.9972470489937626, 0.05718109268518308, -0.004413790320825141, -0.7687303273473494, -0.000437416216734766, -0.6395640036094461, 0.37945161311845244, 0.0, 0.0, 0.0, 1.0]
[0.6386108073268171, -0.05315173215133485, -0.7676869307987604, 0.539905475465324, -0.033604706278236855, -0.9985766809106157, 0.041183924220278785, -0.003107827147912368, -0.7687832642445809, -0.00050260527206515, -0.6395003210840458, 0.3793800884932655, 0.0, 0.0, 0.0, 1.0]
[0.6390869662422255, -0.032285961386747886, -0.7684514184196708, 0.5399406132522532, -0.020336971680549754, -0.9994689608895706, 0.025079131003253416, -0.0019468208556231005, -0.7688530445172093, -0.0003997710145814722, -0.6394164954995433, 0.3793281254353264, 0.0, 0.0, 0.0, 1.0]
[0.6395385508813106, -0.011290423198605733, -0.7686709900687524, 0.5399698102927641, -0.006831256218311301, -0.9999265052867734, 0.009003689546424814, -0.00063328225059427, -0.7687161522800997, -0.0005072180843630044, -0.6395809898685823, 0.3794158817427962, 0.0, 0.0, 0.0, 1.0]
[0.6394934134736552, 0.009758171898849859, -0.7687295211126958, 0.5399671431211547, 0.006679684713693687, -0.9999425977819647, -0.007136584264636275, 0.000645203272957328, -0.7687550343491395, -0.0005710721992068793, -0.6395341996600957, 0.37939851243746464, 0.0, 0.0, 0.0, 1.0]
[0.6390521045444961, 0.03046967274810891, -0.768554569283723, 0.5399734178355335, 0.019729907061398485, -0.999526008266132, -0.023221689221537015, 0.0018043437556481557, -0.7688978380420946, -0.00032364085547949777, -0.6393626726536429, 0.37941710523773314, 0.0, 0.0, 0.0, 1.0]
[0.638292373279417, 0.05153258968963358, -0.7680620698158511, 0.5398858201660296, 0.03332946820486116, -0.9986615439148572, -0.03930704647853688, 0.0031419869273918645, -0.7690596463628286, -0.0005097123518976033, -0.6391679067407289, 0.379415084197742, 0.0, 0.0, 0.0, 1.0]
[0.6374419742939927, 0.0723999304891511, -0.7670841252727757, 0.5397736564113196, 0.04665966211989277, -0.9973659032958408, -0.055361871215377494, 0.0043962187207338, -0.7690717471343247, -0.0005019056146212464, -0.6391533524671779, 0.37950454033547343, 0.0, 0.0, 0.0, 1.0]
[0.6362173370070733, 0.09328527666230461, -0.7658442377065, 0.5396526978769066, 0.06004970541344004, -0.995629589978979, -0.07139045779760875, 0.0055796787782902285, -0.769156862982185, -0.0005688739191454137, -0.6390508634742604, 0.37949733045942696, 0.0, 0.0, 0.0, 1.0]
[0.634861057864618, 0.11405903262559276, -0.7641557195513435, 0.53953506847641, 0.07338848706697354, -0.9934640738839635, -0.08731642203942168, 0.006863445378226451, -0.7691204808573536, -0.0006464360765469998, -0.6390945772882148, 0.37951032144621305, 0.0, 0.0, 0.0, 1.0]
[0.6332512607860464, 0.13482575112651865, -0.7621068079854068, 0.5393834542186866, 0.0866306482386034, -0.9908594277909725, -0.10331349159757895, 0.008121421137868312, -0.7690700347821715, -0.0005984079924531438, -0.6391553298504296, 0.3795372939900968, 0.0, 0.0, 0.0, 1.0]
[0.6311445562560918, 0.15560819517364932, -0.7598911125995887, 0.5391812490273138, 0.09987035411336763, -0.9878089425355037, -0.11933325810396211, 0.009349011334907903, -0.769196469296876, -0.0005740582703029922, -0.639003185048754, 0.379469412207053, 0.0, 0.0, 0.0, 1.0]
[0.6289039274253567, 0.17618765830798305, -0.7572513098871634, 0.5389880750947577, 0.11313534516055428, -0.9843465483746512, -0.1350679996180449, 0.010583359489669384, -0.7691950277046596, -0.0007270928880910478, -0.6390047645779765, 0.37940694758007043, 0.0, 0.0, 0.0, 1.0]
[0.6263438918643711, 0.1967644364327836, -0.7543001968665767, 0.538762186876601, 0.1262609508824483, -0.9804407140566923, -0.15091508837688447, 0.011849778248780977, -0.7692413459426513, -0.0007139163121586003, -0.638949019176993, 0.37935001083318065, 0.0, 0.0, 0.0, 1.0]
[0.6238512149123355, 0.2172715168122804, -0.7507292104836155, 0.5385133792942189, 0.13933282030354166, -0.9761011630178688, -0.16671582638271673, 0.013090941131921094, -0.7690102559393289, -0.0005953473469615057, -0.6392272567406487, 0.3795105760232477, 0.0, 0.0, 0.0, 1.0]
[0.6206582189281531, 0.23754903124266288, -0.7472250864442443, 0.5382053705029366, 0.152327211576227, -0.9713653958600716, -0.1822829530273827, 0.014246334077829045, -0.7691297307941961, -0.0006873008709173422, -0.6390834024006637, 0.3794279328236684, 0.0, 0.0, 0.0, 1.0]
[0.6173577800050696, 0.25783567510436195, -0.7432237335202881, 0.5378930619288342, 0.16525445853588622, -0.9661786109191781, -0.19791755052927826, 0.01550723174328049, -0.7691170797105152, -0.000635096035118543, -0.6390986818361108, 0.37941348678451825, 0.0, 0.0, 0.0, 1.0]
[0.6138187512269772, 0.27814217091570687, -0.738819822214251, 0.537572707559479, 0.17831190738740932, -0.9605296338196933, -0.21346969454635764, 0.01669430576617106, -0.7690332575560221, -0.0007086703834002903, -0.6391994679390679, 0.3794583751053305, 0.0, 0.0, 0.0, 1.0]
[0.6097937843847574, 0.29812694777747395, -0.7343452818119615, 0.5371794100000037, 0.1911395430879392, -0.954515770584805, -0.2287948284328471, 0.017940661805031063, -0.7691540564120156, -0.0008447573565951035, -0.6390539363487994, 0.3793795767691584, 0.0, 0.0, 0.0, 1.0]
[0.6059641001109727, 0.318035240978744, -0.7291447577288577, 0.5368464403297327, 0.20394536174893363, -0.9480683771462488, -0.24403797898469037, 0.01910812994614914, -0.7688917646190546, -0.0008274370539920862, -0.6393695231160091, 0.3794831664485224, 0.0, 0.0, 0.0, 1.0]
[0.6014937846173429, 0.3378469235577827, -0.7239167907316091, 0.5363952920200755, 0.21648578632663426, -0.9411905796170611, -0.25937663606410266, 0.020304951638522514, -0.7689732624002296, -0.0007042612090735457, -0.6392716486447038, 0.37947271576573416, 0.0, 0.0, 0.0, 1.0]
[0.5967577224509046, 0.35745398474924783, -0.7183992990395199, 0.5359540502831185, 0.22912315177167178, -0.9339200384575825, -0.2743686194306207, 0.021534590759929757, -0.7690016572925137, -0.0008703191830782721, -0.6392372859989175, 0.3794134993621969, 0.0, 0.0, 0.0, 1.0]
[0.5917917669283587, 0.37683999535768203, -0.7125760629144955, 0.5354875348065089, 0.241515637170518, -0.9262675330133713, -0.28927670543520595, 0.02261332154140231, -0.7690471042134793, -0.0009066892265387796, -0.6391825578454325, 0.37939687665685023, 0.0, 0.0, 0.0, 1.0]
[0.5865618653589141, 0.3962111483377739, -0.7063655267054338, 0.5349821846595075, 0.25379304511135853, -0.9181485873578799, -0.3042610573810582, 0.023785461525120715, -0.7691001334423131, -0.0008027246107515955, -0.6391188869400716, 0.3794117398430299, 0.0, 0.0, 0.0, 1.0]
[0.5812416751682703, 0.415335806277618, -0.6997459947335308, 0.5344725400256127, 0.2662033604544902, -0.909657067548352, -0.31881420008566075, 0.024972523179027924, -0.7689438424433397, -0.000966635537414365, -0.6393066937535705, 0.3794610402604259, 0.0, 0.0, 0.0, 1.0]
[0.5753945796170294, 0.4342938798356074, -0.6930367218605864, 0.5339270583196416, 0.27826882297205036, -0.9007600059665019, -0.33343779223172393, 0.026109410071611595, -0.7690697541902815, -0.0009922145789503488, -0.6391551774525227, 0.37937099360731447, 0.0, 0.0, 0.0, 1.0]
[0.5696559450377608, 0.45289945745835597, -0.6858308746204206, 0.5333668643962894, 0.29005521349269286, -0.8915504559504279, -0.3478344921531978, 0.027160229721030448, -0.7689868817542027, -0.0007828344136468646, -0.6392551740001139, 0.379479922035935, 0.0, 0.0, 0.0, 1.0]
[0.5634003439956621, 0.47162715550513173, -0.6783343456949263, 0.5327957715218923, 0.30216416961892334, -0.8817866370107432, -0.3621220968047943, 0.028331576694156764, -0.7689327759208112, -0.0009486203826516797, -0.6393200313272963, 0.3794787047051041, 0.0, 0.0, 0.0, 1.0]
[0.5568800901761776, 0.4899582180742874, -0.6706824262936101, 0.5321643905106695, 0.3138587766359068, -0.8717343238421774, -0.3762385004827667, 0.029428258133751734, -0.7689980366653696, -0.0009798357511213809, -0.6392414831778329, 0.3794449275614313, 0.0, 0.0, 0.0, 1.0]
[0.5504096030803711, 0.507831326298474, -0.6626807788715496, 0.5315565772977291, 0.32523019587999313, -0.8614449317733074, -0.3900277232759544, 0.030437198584185306, -0.7689312943468865, -0.0008487951596415996, -0.6393219536277257, 0.3794797001046592, 0.0, 0.0, 0.0, 1.0]
[0.5432459787300894, 0.5259120405821051, -0.654438175049597, 0.5308564515047388, 0.3367875830923431, -0.8505270883880696, -0.40393277171103803, 0.031513169871908636, -0.7690505037834731, -0.0009717973489968005, -0.6391783717989772, 0.3794497836192177, 0.0, 0.0, 0.0, 1.0]
[0.5361899990290903, 0.5436707749034095, -0.6456865703960577, 0.5302259635218722, 0.34832977931688425, -0.8392863924693397, -0.4174312134804584, 0.03263710737263088, -0.768861103635399, -0.0010894186231356117, -0.6394060015533239, 0.379483724471541, 0.0, 0.0, 0.0, 1.0]
[0.5287010396874366, 0.5610868350511167, -0.6369029211713392, 0.5294902998025904, 0.3593848962271523, -0.8277446106997323, -0.43088940270350623, 0.03370123487236887, -0.768959331758469, -0.0010816150322896373, -0.6392878785345696, 0.37942602685503896, 0.0, 0.0, 0.0, 1.0]
[0.5212755029305653, 0.5782724005331988, -0.6275836285118245, 0.5288046505542632, 0.3704304152342569, -0.8158313402982874, -0.44405526117974703, 0.03468315021691967, -0.7687872946498732, -0.0010009345034206485, -0.6394948899268227, 0.37954703581260224, 0.0, 0.0, 0.0, 1.0]
[0.5132635284227867, 0.5952260777041157, -0.6182673962762687, 0.5280784784653639, 0.38111895479379476, -0.8035457302058067, -0.45721698730017035, 0.03566515708396371, -0.7689536004136303, -0.0009606196953707108, -0.6392949657442321, 0.37942276056281377, 0.0, 0.0, 0.0, 1.0]
[0.5052323414041492, 0.6118412850278849, -0.6085872172235139, 0.5272761810290812, 0.3918560033511981, -0.79096766174022, -0.46989789186782144, 0.03672194661618904, -0.7688757381645721, -0.0010709425025804238, -0.6393884345609615, 0.37947387313031833, 0.0, 0.0, 0.0, 1.0]
[0.4970821101443879, 0.6283556730878433, -0.5983863005259866, 0.5265496061381721, 0.4024718162930064, -0.7779132077564186, -0.4825481409407076, 0.03770802479835155, -0.7687044684177525, -0.0009675730724882599, -0.6395945020225632, 0.3795434403610439, 0.0, 0.0, 0.0, 1.0]
[0.48825768004568654, 0.6444959559492974, -0.5884019147565066, 0.525702225994721, 0.4126732826347605, -0.7645943334721685, -0.4950573022446167, 0.03862389611264462, -0.7689511990868233, -0.00110221978751343, -0.6392976256839681, 0.379393413324406, 0.0, 0.0, 0.0, 1.0]
[0.4799214506818646, 0.66024756590968, -0.5776986456915524, 0.5249075411869083, 0.42271014493056824, -0.7510348082548892, -0.5071967565898594, 0.03955299208770894, -0.7687472155718035, -0.0007844750427272016, -0.6395433721577239, 0.37955311081259296, 0.0, 0.0, 0.0, 1.0]
[0.47075304024363457, 0.6759213081160997, -0.5670175458306079, 0.5240627523106554, 0.432914603287321, -0.7369599129443597, -0.5190962991906856, 0.04056155697128936, -0.7687374508004439, -0.0011040148869734556, -0.6395546379213966, 0.37947738203127646, 0.0, 0.0, 0.0, 1.0]
[0.46146664005150667, 0.6911912895102983, -0.5561383309157689, 0.5231627442086901, 0.44260331086346827, -0.7226576032026548, -0.5308996809372541, 0.04146145811245406, -0.7688508283363411, -0.0011561745948708536, -0.6394182400173961, 0.3794221441910183, 0.0, 0.0, 0.0, 1.0]
[0.45237173053093904, 0.7061433099247159, -0.5447090073725432, 0.5223265220618545, 0.452239147717981, -0.7080546357900006, -0.542332735248907, 0.04235079933043932, -0.7686483705758868, -0.0010027392803405913, -0.6396618650229648, 0.3795437797081931, 0.0, 0.0, 0.0, 1.0]
[0.4426402053776064, 0.7207976520473042, -0.5333916177834014, 0.5214178591832006, 0.4614726542542207, -0.69313086077591, -0.5537140499413495, 0.043165893203333756, -0.7688259782681927, -0.0010495448289540108, -0.6394483035992469, 0.3794347718718176, 0.0, 0.0, 0.0, 1.0]
[0.4329800868997886, 0.7351881683754921, -0.5215482579928045, 0.5204724523132165, 0.47083580571446926, -0.6778480130172307, -0.5646437819811995, 0.044133098177147896, -0.768649878232389, -0.001084080481374945, -0.639659920625514, 0.3795044773831627, 0.0, 0.0, 0.0, 1.0]
[0.4231887495447667, 0.7491829862136727, -0.5095310401277134, 0.5195889598367305, 0.4797277873493775, -0.6623479210397066, -0.5754507832829662, 0.044913819458920166, -0.7686047613727199, -0.000911901064219901, -0.6397144012490192, 0.3795593081697003, 0.0, 0.0, 0.0, 1.0]
[0.41281578384323653, 0.7628495156492274, -0.4976236123974031, 0.518588679956494, 0.48840921602338466, -0.6465601934687941, -0.5860065805192185, 0.04572496728655025, -0.768778455222651, -0.0011311925314044008, -0.63950529940942, 0.37943243960175954, 0.0, 0.0, 0.0, 1.0]
[0.40272685782502904, 0.7761890385551518, -0.4851050732440222, 0.5176462321007548, 0.4969345609502527, -0.6304843000383153, -0.5962660325350183, 0.04644222471115284, -0.768666291065744, -0.0009331308766340424, -0.6396404352117371, 0.3795411047178408, 0.0, 0.0, 0.0, 1.0]
[0.3921522192081554, 0.7892357380186932, -0.47255542858863664, 0.5166718521560754, 0.5053828387057624, -0.6140736905183272, -0.6062091315445347, 0.04729100079072519, -0.7686257673361157, -0.001095147706505522, -0.639688874175119, 0.3794816608107188, 0.0, 0.0, 0.0, 1.0]
[0.381448885516471, 0.8019248976919773, -0.4597804075514606, 0.5156294334545866, 0.5134752865994133, -0.5974076928070993, -0.615983141678197, 0.04804393709615676, -0.7686485703434963, -0.001119793650198737, -0.6396614307585469, 0.3794860030475129, 0.0, 0.0, 0.0, 1.0]
[0.37072158834799235, 0.8142948377892311, -0.4466251319356669, 0.5146399367548192, 0.5213350879803725, -0.5804341278306032, -0.6255351547416786, 0.048791598780632994, -0.7686065162841434, -0.0009419663185841774, -0.6397122491446857, 0.3795309874864342, 0.0, 0.0, 0.0, 1.0]
[0.3597613868186654, 0.8262496314810079, -0.4334370253768572, 0.5136341275659048, 0.5290653359783801, -0.5632861697971979, -0.634655074021795, 0.04950191497290363, -0.7685326029008805, -0.000992115874892848, -0.6398009706548214, 0.37952601321353335, 0.0, 0.0, 0.0, 1.0]
[0.34854313982335416, 0.8378727668412972, -0.4200845757506091, 0.5125463803014334, 0.536485614210316, -0.5458469368973555, -0.6436016075207283, 0.05018151130826524, -0.7685581385481945, -0.0010464065612128296, -0.6397702087571483, 0.37952005473706363, 0.0, 0.0, 0.0, 1.0]
[0.3373483443274256, 0.8490675792686581, -0.4065270829414874, 0.5114953366379886, 0.5436942979737763, -0.5282650416374493, -0.6521667668568328, 0.050902288964916616, -0.768487704411434, -0.001019077942676398, -0.6398548577940081, 0.37951168016563824, 0.0, 0.0, 0.0, 1.0]
[0.32593639879548975, 0.8599787175282745, -0.3926649778042434, 0.5104444556605324, 0.5506952874551582, -0.5103101577830733, -0.6605356844324121, 0.05152753540589352, -0.768427557559017, -0.0009461305656668064, -0.6399272027327781, 0.37959091063607175, 0.0, 0.0, 0.0, 1.0]
[0.31418729105185955, 0.8704462535184039, -0.3789369042361896, 0.5093150852451261, 0.5572829902378794, -0.49224270979616713, -0.6686719216715872, 0.0521191873163834, -0.7685718976349771, -0.001086871431791445, -0.6397536117724696, 0.37949219637590464, 0.0, 0.0, 0.0, 1.0]
[0.30260883300723257, 0.8806271005526575, -0.36456427380249734, 0.5082677548359609, 0.5638864505363318, -0.4737888549784574, -0.6764212798799525, 0.05274738144781694, -0.7684014003037384, -0.0008818002211146156, -0.6399587036617477, 0.3796120880147535, 0.0, 0.0, 0.0, 1.0]
[0.2907827201659162, 0.890228519215187, -0.3506019206362368, 0.5071322720860055, 0.5700238473047452, -0.4554919372745326, -0.6838052778626957, 0.05331143405798908, -0.7684393079860085, -0.001012696912775747, -0.6399129903457997, 0.37949273151611224, 0.0, 0.0, 0.0, 1.0]
[0.2786638401942975, 0.8996242437151727, -0.3361630659328775, 0.5059701555880048, 0.5760209276351885, -0.4366415269579931, -0.6910383555004342, 0.053850361844884474, -0.768457612361067, -0.0010695592100419414, -0.639890915961356, 0.3795482356338282, 0.0, 0.0, 0.0, 1.0]
[0.26674920924052553, 0.9085728379348665, -0.3214389424533859, 0.5048659777977258, 0.5817293500139925, -0.41770261600908665, -0.6979295187231749, 0.0544028200300778, -0.7683856906548043, -0.0008183198375659643, -0.6399776505232712, 0.37962112758420813, 0.0, 0.0, 0.0, 1.0]
[0.25421237616940145, 0.9171431853803647, -0.3069315982277908, 0.503711643844323, 0.5871914407285383, -0.39853212663768245, -0.7045343565141706, 0.05491905472750642, -0.7684809865173362, -0.0011262545060418605, -0.639862746610941, 0.3794960531750411, 0.0, 0.0, 0.0, 1.0]
[0.24208513501314988, 0.9252409033344722, -0.29207267506075457, 0.5025227602517615, 0.5923686255922432, -0.37935354885352845, -0.7107606978320221, 0.05539618088445196, -0.7684236759241806, -0.0009500896020833025, -0.6399318580131731, 0.3795470624468584, 0.0, 0.0, 0.0, 1.0]
[0.22956679433394123, 0.9329766364532324, -0.2771929093649515, 0.5013807495273862, 0.5974736933240992, -0.359908465078296, -0.716576385018409, 0.05584618282587136, -0.7683130999964185, -0.0011133277174496508, -0.6400643525706948, 0.3795403616111931, 0.0, 0.0, 0.0, 1.0]
[0.2170722953231486, 0.9403083770885984, -0.2620722110786992, 0.5001933752778399, 0.6020646804578077, -0.34029386439959686, -0.7222942598507278, 0.05626306368538118, -0.7683609087203656, -0.0009943491354357959, -0.6400071549342329, 0.37956300704056695, 0.0, 0.0, 0.0, 1.0]
[0.20422887324669106, 0.9472580594988051, -0.24693046976678729, 0.4989796209849902, 0.6064815881179323, -0.32043968878166945, -0.7276602437545816, 0.05670730055592268, -0.7684083533561734, -0.001149551770457555, -0.6399499298849688, 0.37952183673711903, 0.0, 0.0, 0.0, 1.0]
[0.1919125387924321, 0.9537198882056288, -0.23145135683294152, 0.497844771418249, 0.6106399692238016, -0.30066356326787624, -0.7326058489848992, 0.05707370245676068, -0.7682897580612448, -0.0007372010003973848, -0.6400929147032527, 0.37964516107354707, 0.0, 0.0, 0.0, 1.0]
[0.17871368425942633, 0.9598294302596737, -0.21626495611790444, 0.4965896890969436, 0.6145149960990236, -0.28054757417649034, -0.7373300428906558, 0.05744413213021987, -0.7683836837993422, -0.0011270901849995418, -0.6399795907731626, 0.379502857983666, 0.0, 0.0, 0.0, 1.0]
[0.16596922995467928, 0.965479977329025, -0.20070911932678895, 0.495389910310942, 0.6181913952249896, -0.2604384372648127, -0.7416215715710985, 0.0577787659041409, -0.7682931474894459, -0.0009902893595723835, -0.6400885048174811, 0.37956830393760277, 0.0, 0.0, 0.0, 1.0]
[0.1530879002525801, 0.9707278383826291, -0.18502152463186908, 0.4942190483158838, 0.6215318986161991, -0.24014058075344477, -0.7456688625165042, 0.05807283774430554, -0.7682726994368648, -0.0008438990429279763, -0.6401132578663258, 0.37962378657963325, 0.0, 0.0, 0.0, 1.0]
[0.1399905631553069, 0.9755128233097909, -0.16958382700136176, 0.49295344923247586, 0.624548368531168, -0.21989648745798301, -0.749384033160819, 0.05831982084920719, -0.7683246218192703, -0.0010066096611940785, -0.6400506983538076, 0.3795476735419721, 0.0, 0.0, 0.0, 1.0]
[0.12694930596237813, 0.9799072048887214, -0.15377563428916147, 0.4917105690780143, 0.6273416619492604, -0.19940360307877406, -0.7527763939981862, 0.05857460691173478, -0.7683144276919563, -0.0009054212193328474, -0.6400630866860337, 0.37962566955346627, 0.0, 0.0, 0.0, 1.0]
[0.11370103528555045, 0.9838843490017487, -0.13793032861372703, 0.49050500082668375, 0.6300521939664744, -0.17874947338965422, -0.7556947799858502, 0.05888934056667096, -0.7681712402545635, -0.0009800273133180003, -0.6402348193832064, 0.3796047438529371, 0.0, 0.0, 0.0, 1.0]
[0.10043501117551323, 0.9874116351512081, -0.12211513134594272, 0.48923374301157097, 0.6321448307217818, -0.1581075239158985, -0.7585425161136576, 0.05903162740285585, -0.7683010272172701, -0.0010102229502720556, -0.6400790153913222, 0.37955936992514583, 0.0, 0.0, 0.0, 1.0]
[0.0872201467605353, 0.9905090530489931, -0.10613870935063394, 0.4880152068465162, 0.634154085109501, -0.13737421318828721, -0.7609000037684625, 0.05923685782153998, -0.7682590638835385, -0.0009424861241774358, -0.6401294858405882, 0.3795786715793774, 0.0, 0.0, 0.0, 1.0]
[0.07406682779597237, 0.9931630024963778, -0.09012357500943127, 0.48679333072426334, 0.6358896384784675, -0.11665056124799689, -0.7629082297358317, 0.0594061090581076, -0.7682051936801612, -0.0008024550551603776, -0.6401943253644622, 0.3796076864296535, 0.0, 0.0, 0.0, 1.0]
[0.06060559605425342, 0.9953833772864967, -0.07429500065335204, 0.4855038124363739, 0.6372096801720101, -0.09587328182321747, -0.7646987267875819, 0.05947883186259088, -0.7682913068122023, -0.0009964714658117547, -0.6400907046094089, 0.3795509410818314, 0.0, 0.0, 0.0, 1.0]
[0.04747399884767018, 0.9971692215170103, -0.05814271304578922, 0.48428423604359944, 0.6385275029831903, -0.07505802124881181, -0.7659249068530724, 0.05959507625248097, -0.7681208200984214, -0.0007642032324514002, -0.6402956051557649, 0.3796697829373769, 0.0, 0.0, 0.0, 1.0]
[0.03399691518917548, 0.9985181010662991, -0.042268107353298744, 0.4830237781249653, 0.6392961815952326, -0.05423519187520714, -0.7670404230817012, 0.05964645498679885, -0.7681961656091388, -0.0009448314240432879, -0.6402049644132846, 0.3795573229209218, 0.0, 0.0, 0.0, 1.0]
[0.0206002258906898, 0.9994376421004526, -0.02609195765884906, 0.48174766976789446, 0.6399281051949138, -0.033232041698822545, -0.7677107175713104, 0.05971132931337575, -0.7681460784096397, -0.0008819628247807279, -0.640265151223829, 0.37959865713611424, 0.0, 0.0, 0.0, 1.0]
[0.007275116405239978, 0.9999148190113901, -0.009908390086879274, 0.480539034245875, 0.6402356719063617, -0.012269078540181605, -0.7680754254641813, 0.05974966928424495, -0.768131566856296, -0.0007558666565272707, -0.6402827223999593, 0.3796463956694763, 0.0, 0.0, 0.0, 1.0]
[-0.00629275083317357, 0.9999518966979868, 0.00611172622288289, 0.47923645196262393, 0.6402954265639293, 0.008723807238585901, -0.7680740634469413, 0.05976502935908173, -0.7680904340697622, -0.0009199883537719023, -0.6403318513573103, 0.3796023446056426, 0.0, 0.0, 0.0, 1.0]
[-0.01975779817790536, 0.9995485011215677, 0.02220764988094323, 0.47796285775631403, 0.6399629905228091, 0.02970895700767975, -0.7678260521316226, 0.05976903040239462, -0.7681391456458084, -0.0009584781434624615, -0.6402733587732138, 0.3795720202339672, 0.0, 0.0, 0.0, 1.0]
[-0.032933025324297774, 0.9987050113407236, 0.03852910131558881, 0.47677823804140707, 0.6394751132622123, 0.05068190786389919, -0.7671342783288703, 0.05973936949776686, -0.7680935765012479, -0.0006256511876642196, -0.6403284371044725, 0.3796925902007096, 0.0, 0.0, 0.0, 1.0]
[-0.04645362119537541, 0.9974317891229669, 0.0543386683168698, 0.47546632267174793, 0.6385871992895796, 0.07148268643689455, -0.7662171132391412, 0.05960944747289392, -0.7681335801034449, -0.0008935815182298023, -0.6402801297127892, 0.3795778699049726, 0.0, 0.0, 0.0, 1.0]
[-0.059699246307441514, 0.9957062095065212, 0.07061152340370645, 0.47423283627996937, 0.6375626289980587, 0.09246340588882906, -0.7648244385488132, 0.059530386092359076, -0.7680694245942978, -0.0006401740400513292, -0.6403573931494041, 0.37969074402277275, 0.0, 0.0, 0.0, 1.0]
[-0.07304898768986474, 0.9935688512395666, 0.08640413116592982, 0.47299049480974525, 0.6362552252907718, 0.11314190391085438, -0.7631318085370274, 0.0593998628086694, -0.7679999222583836, -0.0007709261465334876, -0.6404406052995598, 0.3796175095980455, 0.0, 0.0, 0.0, 1.0]
[-0.08636582617076469, 0.9909753691610022, 0.10241928845046858, 0.4717326928693536, 0.6345142309638689, 0.13397012153302526, -0.7612066736917225, 0.05920120649584352, -0.7680581889905085, -0.000755747213069709, -0.640370743616917, 0.3796372867495504, 0.0, 0.0, 0.0, 1.0]
[-0.0995612137693819, 0.9879516174995834, 0.11840685379614488, 0.4705250433813431, 0.6326524642521828, 0.15469951601807666, -0.758821950303179, 0.05903469238837782, -0.7679968561717009, -0.0006388465685549984, -0.6404444274971702, 0.37967428185310115, 0.0, 0.0, 0.0, 1.0]
[-0.1129052971986234, 0.9844980738648038, 0.134153008988926, 0.46924902006887614, 0.6303199028258548, 0.17533854251542477, -0.7562704372276308, 0.058771632909403675, -0.7680689818416726, -0.0008276268880225752, -0.6403577093740227, 0.3796215102810932, 0.0, 0.0, 0.0, 1.0]
[-0.1259860720154232, 0.980626677373037, 0.14993334850354115, 0.46802447168965194, 0.6278990748169547, 0.19583537812613958, -0.7532482507772351, 0.058542822765889756, -0.7680175833946415, -0.0007557775583307662, -0.6404194435739372, 0.3796437444674919, 0.0, 0.0, 0.0, 1.0]
[-0.13902961154958302, 0.9762939285219703, 0.16583789870671342, 0.4668247073402405, 0.6252772859481642, 0.21640381448544058, -0.749792821744993, 0.05835447011084121, -0.7679061333853756, -0.000548733539191712, -0.6405532888153983, 0.37968752141282236, 0.0, 0.0, 0.0, 1.0]
[-0.15242194270536794, 0.971478482862711, 0.18159980879954654, 0.4655478491238404, 0.6220306070094995, 0.23708583657696053, -0.7462303251771447, 0.05814559775816113, -0.7680014467606967, -0.0007812365687678664, -0.6404387646215529, 0.3795928146902577, 0.0, 0.0, 0.0, 1.0]
[-0.1652665948335072, 0.9662523874238726, 0.19754689235433234, 0.4643819631892158, 0.6188389151441923, 0.2575595400636456, -0.7420868075030227, 0.057958478301908145, -0.7679232361613398, -0.00039245519223120263, -0.6405328995852733, 0.37974368025005717, 0.0, 0.0, 0.0, 1.0]
[-0.1784143985149514, 0.9606789812741732, 0.2127106376369712, 0.4631320301256893, 0.6151211785610036, 0.27762560814683274, -0.7379303411524206, 0.05752235120359113, -0.7679680885228751, -0.0008145798469257564, -0.6404787242701706, 0.3795855026958949, 0.0, 0.0, 0.0, 1.0]
[-0.191146663250893, 0.9546917753597323, 0.22805331703567797, 0.46190623829468863, 0.6114280173089006, 0.2975631903118091, -0.7332141739263647, 0.057161518662753694, -0.7678538140030071, -0.0007132553184418161, -0.6406158441238425, 0.379601700007173, 0.0, 0.0, 0.0, 1.0]
[-0.20392690163438823, 0.9481938352420112, 0.243565512078251, 0.46075881357692483, 0.6072599979515391, 0.31766151836048645, -0.7282289556146031, 0.05682897617620056, -0.7678735967455212, -0.0005978822332281816, -0.640592249040311, 0.37966057152231575, 0.0, 0.0, 0.0, 1.0]
[-0.2168207779504105, 0.9412499247435937, 0.25888098935776216, 0.45953129829546085, 0.6026867544208799, 0.3376814802646394, -0.7230011791269925, 0.05646396110254889, -0.7679441211415146, -0.0007375348600823838, -0.6405075552482772, 0.3796084916894709, 0.0, 0.0, 0.0, 1.0]
[-0.22918496760167612, 0.9339898344533955, 0.2740792457414632, 0.4583814931143079, 0.5981678631602386, 0.3572723486876343, -0.7173160598934416, 0.05608842893358872, -0.7678868438832254, -0.00045266118509941077, -0.6405764882297343, 0.3796875334995533, 0.0, 0.0, 0.0, 1.0]
[-0.2418976726724129, 0.9262748082003757, 0.2889339887479344, 0.457166712621561, 0.5931137619082562, 0.3768224847537394, -0.7114853290531333, 0.055598734275821196, -0.7679077602758778, -0.0007359202290736072, -0.6405511507197245, 0.37958077801703033, 0.0, 0.0, 0.0, 1.0]
[-0.25405406701248484, 0.9182030640664955, 0.303878575993454, 0.4560447824367653, 0.5881769735431303, 0.3960854988322423, -0.7050917983307509, 0.05514534739784972, -0.7677793470322498, -0.00039705783064814557, -0.6407053667473827, 0.3796877386300137, 0.0, 0.0, 0.0, 1.0]
[-0.266372384152781, 0.9096776303575833, 0.3186142858826696, 0.4549192076722464, 0.5825660941188451, 0.415291600152109, -0.6986700064628445, 0.0546005736935261, -0.7678823124965729, -0.0004925153004149923, -0.6405818908622736, 0.3796824631882502, 0.0, 0.0, 0.0, 1.0]
[-0.2784907239604452, 0.9007983723534091, 0.3331487547618332, 0.4537628857385943, 0.5769056857339443, 0.43421517251117037, -0.6918287184575367, 0.05404445788466971, -0.7678564275546848, -0.0004724698425813401, -0.6406129342419199, 0.37968060526221187, 0.0, 0.0, 0.0, 1.0]
[-0.2903747581816426, 0.8915374477717951, 0.34760113955259314, 0.452675040518162, 0.5710699028578409, 0.45292564304131133, -0.684636618418675, 0.0535007236380662, -0.7678166530898486, -0.00029664351804610035, -0.6406607124695414, 0.3797261979008179, 0.0, 0.0, 0.0, 1.0]
[-0.30239687508585666, 0.8818427931321295, 0.36179094119427546, 0.4515185929502806, 0.564786223128126, 0.47152287226086587, -0.6772534834635219, 0.052903370972083155, -0.7678238072658231, -0.00046479780129508327, -0.6406520381660279, 0.3796703230565486, 0.0, 0.0, 0.0, 1.0]
[-0.3140348575364993, 0.8718178282899793, 0.37589792481124484, 0.45043845052485, 0.5585265333496802, 0.489810521586475, -0.6694200020524119, 0.052334857798545124, -0.7677310510182767, -0.0002722501384488292, -0.6407633033927181, 0.3797009950531807, 0.0, 0.0, 0.0, 1.0]
[-0.32587598706060605, 0.8613051952023674, 0.38979722167789665, 0.4493042942783885, 0.5516170001203498, 0.5080687053105496, -0.6614937999859559, 0.05171068175570863, -0.7677918162735976, -0.0005461709276861962, -0.6406903140771935, 0.37960440400170403, 0.0, 0.0, 0.0, 1.0]
[-0.33719085401244064, 0.8504387754605692, 0.4037822471232589, 0.4483182414659019, 0.5447274813217282, 0.5260556682135217, -0.6530898589694537, 0.051071858144215665, -0.7678248797508814, -0.00026464081489422476, -0.6406508667124009, 0.37974141847704973, 0.0, 0.0, 0.0, 1.0]
[-0.3486087061019178, 0.8393002261309158, 0.4171704663415144, 0.4471941409045476, 0.5375974756117593, 0.543650348179533, -0.6445323872406387, 0.050360492135758037, -0.7677510476365492, -0.00041981195176070705, -0.6407392635154232, 0.3796251921215367, 0.0, 0.0, 0.0, 1.0]
[-0.35956731301986516, 0.8278211935226404, 0.4305899854119729, 0.4461621660872304, 0.5303045151290185, 0.5609748385232722, -0.6356672701451751, 0.04955191910392811, -0.7677689857910773, -0.0002213588674657754, -0.6407178678085212, 0.3796988341512594, 0.0, 0.0, 0.0, 1.0]
[-0.37082622115206587, 0.8158234555369176, 0.44373927144852915, 0.44511750288183655, 0.5225839688609762, 0.5782842339604988, -0.6264835541586838, 0.048927678202598274, -0.7677074026585895, -0.0004254993895298501, -0.6407915537388365, 0.37964998239980613, 0.0, 0.0, 0.0, 1.0]
[-0.38160439432586507, 0.8034551890818129, 0.4569711290139668, 0.44414545917918447, 0.5147090806209227, 0.5953490209358206, -0.6169458490457482, 0.048221566679227924, -0.7677456580526929, -0.00022205737187545828, -0.6407458205817042, 0.3797216604521395, 0.0, 0.0, 0.0, 1.0]
[-0.39228852877287274, 0.7908479454600352, 0.4697384724863424, 0.4431405384085351, 0.5066119625193909, 0.611996902882451, -0.6072824364196123, 0.04741531501192892, -0.7677465574827896, -0.0002548041154884663, -0.6407447306708479, 0.37969352933669437, 0.0, 0.0, 0.0, 1.0]
[-0.40271332882346605, 0.7778974581170105, 0.4823719998176974, 0.44217123923112717, 0.49838348282617234, 0.6283759029647862, -0.5972815449784782, 0.04660699851280764, -0.7677347365693346, -0.00012700193613600686, -0.6407589326884156, 0.37973213365019737, 0.0, 0.0, 0.0, 1.0]
[-0.4131406445352238, 0.7646048422059943, 0.4946510900137867, 0.4411691646476704, 0.4898109376747119, 0.6444843710969976, -0.5871222397690474, 0.04575029871758292, -0.7677114041542221, -0.0002785463376773678, -0.6407868403117761, 0.37964369400300774, 0.0, 0.0, 0.0, 1.0]
[-0.4233356334964629, 0.750819821635725, 0.5069933260031662, 0.4402608000604363, 0.4809823614058168, 0.6604924654786856, -0.5765351832762108, 0.044987763754699824, -0.7677393153472348, -0.0002130398872421575, -0.6407534235826706, 0.3797184116566685, 0.0, 0.0, 0.0, 1.0]
[-0.43326615760407694, 0.7369929354195163, 0.518755990689809, 0.4392959034228365, 0.4722405579882975, 0.6758861811869772, -0.5658212052602686, 0.04409273913367369, -0.7676262365025762, -0.00017356099089670877, -0.6408889028538813, 0.37964841500959556, 0.0, 0.0, 0.0, 1.0]
[-0.4429651017501892, 0.7225460415308758, 0.5307497592164199, 0.4384076241441617, 0.4629958805843406, 0.6913088778417799, -0.5547193176004455, 0.043292934044846215, -0.7677222675516087, 1.3653174656256708e-05, -0.6407738850582227, 0.37974926904324124, 0.0, 0.0, 0.0, 1.0]
[-0.4526623113525049, 0.7079290968733604, 0.5421435524342105, 0.43749088328094626, 0.45354875062449945, 0.7062698593216081, -0.5435649474510664, 0.04234523938916685, -0.7677050928508757, -0.00016283461773864883, -0.6407944416554606, 0.3796751889195839, 0.0, 0.0, 0.0, 1.0]
[-0.4618831217318714, 0.692958507442003, 0.5535875143210895, 0.43667998807848546, 0.44396621296220556, 0.7209641137555816, -0.5320629151743045, 0.04144544596952857, -0.7678142552130868, 2.3272057827145646e-05, -0.640663654567682, 0.3798169547284331, 0.0, 0.0, 0.0, 1.0]
[-0.4712856159773553, 0.6776862848090349, 0.5644626195245809, 0.4357644695444234, 0.43417590777926224, 0.7353380329898019, -0.5203414437856296, 0.04053256409202467, -0.7676990922087287, -0.00015336761351189296, -0.6408016331428429, 0.37967242301086684, 0.0, 0.0, 0.0, 1.0]
[-0.4800539925418804, 0.6621649935622101, 0.5753892653013434, 0.4349859909384287, 0.42424252484973524, 0.7493452253531175, -0.5084149259239392, 0.03956998387102093, -0.7678197648243567, 3.7979625204839326e-05, -0.6406570505923865, 0.37981862036924346, 0.0, 0.0, 0.0, 1.0]
[-0.48906120451291907, 0.6462078452989655, 0.5858514435426999, 0.4341317617340956, 0.4138668689900109, 0.7631488087339112, -0.4962898341585889, 0.03864521652980309, -0.7677982156100563, -0.0002516014488208684, -0.6406828284024594, 0.3797185186430804, 0.0, 0.0, 0.0, 1.0]
[-0.4973901993066429, 0.6301359524812208, 0.5962543607999687, 0.43337702451975624, 0.40366546214914073, 0.7764724258217225, -0.48386983914694215, 0.037638806369274705, -0.7678788519049257, 1.5176378988956349e-05, -0.6405862283806396, 0.3798258651743523, 0.0, 0.0, 0.0, 1.0]
[-0.5058872996422756, 0.6136011599367951, 0.6062668390610338, 0.4325947203951127, 0.39300254934138806, 0.7896039181590562, -0.47123207751279583, 0.03670433024648223, -0.7678592209337755, -0.0001259098656364886, -0.6406097478012001, 0.37978544864046404, 0.0, 0.0, 0.0, 1.0]
[-0.5139902421072143, 0.5971016203108671, 0.6158504161710839, 0.43180046610630074, 0.382400104585645, 0.8021535751143407, -0.4585897925821912, 0.0356044235309621, -0.7678313212761402, -0.00020941496428230686, -0.6406431667015001, 0.37973573139432354, 0.0, 0.0, 0.0, 1.0]
[-0.5218141557045697, 0.579927606179803, 0.6256054992717414, 0.4311104068017858, 0.371391428744702, 0.8146561929837235, -0.4454079707169816, 0.034676655188155624, -0.7679577725777014, -7.56639786927875e-05, -0.6404916072071013, 0.37984760527886724, 0.0, 0.0, 0.0, 1.0]
[-0.5296218168344249, 0.562832324334584, 0.6345935755384069, 0.43036231594046154, 0.36028578900514235, 0.826559361624193, -0.43240966543516224, 0.03355135025685717, -0.767903397749452, -0.0003785455640871174, -0.6405566915766561, 0.37972931047199543, 0.0, 0.0, 0.0, 1.0]
[-0.5369319990802216, 0.5452420926759781, 0.6437420401036582, 0.4297163458740628, 0.3489741241208123, 0.8382670946136314, -0.4189384976155873, 0.03256068300087956, -0.7680506727807985, -0.000292170411482911, -0.6403801379015238, 0.3798474580922596, 0.0, 0.0, 0.0, 1.0]
[-0.5441519018048498, 0.5275756150074583, 0.6523431752538105, 0.4290354480385563, 0.33763040948421186, 0.849496673315627, -0.40539489349190655, 0.03148011873104173, -0.7680398174931407, -0.00034550889042052335, -0.6403931308426584, 0.37981886232500567, 0.0, 0.0, 0.0, 1.0]
[-0.5511578504388388, 0.5097043138687068, 0.6606176546072517, 0.42834306852202697, 0.32617446637743347, 0.8603383633189038, -0.3916782080219107, 0.0303908596012581, -0.7679947840215083, -0.00039990822606085843, -0.6404471061547227, 0.37975191595194296, 0.0, 0.0, 0.0, 1.0]
[-0.5577756306412135, 0.4913348698982324, 0.6689288104787009, 0.4277840408466969, 0.3143863999723869, 0.870959641732263, -0.3775897057366022, 0.02937745284479042, -0.7681329860619236, -0.00030821567665371687, -0.6402813917593548, 0.37991277174604926, 0.0, 0.0, 0.0, 1.0]
[-0.5643102338540963, 0.4732265606751268, 0.676461484018879, 0.42715337427079575, 0.30272300817063863, 0.8809297012091153, -0.3637374548117779, 0.02816375382090431, -0.7680452377255279, -0.0004803128325587594, -0.6403865431175343, 0.3798230173611751, 0.0, 0.0, 0.0, 1.0]
[-0.5706057490125301, 0.45442300341866465, 0.6840311166579944, 0.42654362084562203, 0.2906179006301267, 0.8907750446263999, -0.3493481820956033, 0.027113612188091822, -0.768069698613606, -0.0005483940219998475, -0.6403571496517505, 0.37980245210801916, 0.0, 0.0, 0.0, 1.0]
